297,363,472,967,8302,131,,
1712470799,2,262,3982,7,8582,202,247,326,645,8649,85,,
1712470801,4,281,2889,1564,8986,157,185,239,468,8294,66,,
1712470803,3,263,4510,4687,4450,243,292,372,773,7993,109,,
1712470805,0,231,4411,1244,6343,239,289,371,767,8108,107,,
1712470807,1,246,4432,1180,4707,181,216,276,559,8119,80,,
out auckland cbd
1712470809,4,291,7033,1059,7106,191,228,293,592,8167,83,,
1712470811,4,271,3123,-724,10373,318,399,514,1075,8312,150,,
1712470813,3,254,-2822,-2146,8720,333,423,554,1131,8651,154,,
1712470815,0,253,-1428,-2019,9327,325,417,545,1119,8679,153,,
1712470817,2,252,-1896,-2554,9866,307,393,516,1052,8740,142,,
1712470819,1,249,-1644,-2535,9364,305,391,511,1043,8720,144,,
1712470821,3,251,-1618,-1756,8582,316,404,527,1088,8593,149,,
1712470823,3,272,-1404,-1980,9821,253,325,427,881,8671,118,,
1712470825,0,243,-2211,-1427,10351,184,226,296,600,8458,80,,
1712470827,3,271,-4501,-855,9621,220,269,349,712,8331,97,,
1712470829,4,278,-4564,-2671,8557,316,400,517,1080,8391,150,,
1712470831,3,278,-5081,1141,10378,314,400,521,1086,8487,148,,
1712470833,2,265,-1404,-2266,9205,295,377,494,1026,8570,137,,
1712470835,1,278,-1953,693,8378,305,388,513,1055,8646,137,,
1712470837,3,271,-365,1716,5657,251,327,431,903,8664,119,,
1712470839,3,272,-6,1200,5575,191,248,327,677,8725,90,,
1712470841,1,270,1221,49,9665,116,145,191,377,8818,51,,
1712470843,0,267,1756,-1304,11295,151,187,244,496,8481,67,,
1712470845,1,268,-2387,-1247,5259,233,298,390,813,8542,109,,
1712470847,1,280,-2613,-3902,9131,205,268,347,728,8603,102,,
1712470849,3,268,232,753,5487,200,251,322,670,8320,95,,
1712470851,4,353,699,320,9068,277,349,452,944,8376,130,,
1712470853,1,277,-975,-1007,8635,304,376,492,1017,8356,134,,
1712470855,2,268,-315,420,6139,315,395,519,1073,8480,141,,
1712470857,2,272,313,247,7924,322,413,540,1129,8536,152,,
1712470859,2,273,-6166,3014,6094,219,271,358,737,8430,94,,
1712470861,12,269,-536,2697,9466,274,347,457,947,8537,124,,
1712470863,4,277,4036,-556,8028,234,295,389,803,8537,104,,
1712470865,4,281,1657,305,9675,199,256,340,698,8758,90,,
1712470867,0,241,-151,719,7370,169,213,282,576,8645,74,,
1712470869,37,276,-336,1025,7626,166,207,274,558,8573,72,,
1712470871,0,241,929,-1233,10406,176,218,291,590,8597,73,,
1712470873,4,282,-433,947,8853,134,165,213,443,8210,61,,
1712470875,0,233,-1691,1014,8064,215,272,363,737,8747,93,,
1712470877,0,233,-2362,1114,7983,197,249,331,681,8627,86,,
1712470879,0,216,-1774,1386,7723,180,227,301,617,8615,79,,
1712470881,3,285,-309,-451,8598,186,235,313,640,8682,81,,
1712470883,3,263,-790,705,8327,176,221,294,595,8713,76,,
1712470885,26,272,-46,-922,8458,161,201,264,541,8498,71,,
1712470887,2,281,-2195,588,8310,206,262,344,713,8549,94,,
1712470888,1,274,-2922,459,7144,262,324,432,877,8574,110,,
1712470890,2,275,-1670,1049,8237,268,331,439,899,8474,114,,
1712470892,4,250,125,2219,8958,232,290,384,783,8587,101,,
1712470894,4,283,707,1741,8740,198,246,321,669,8325,89,,
1712470896,4,252,354,2566,7357,156,190,243,512,8010,71,,
1712470898,4,252,-108,2618,8525,127,154,195,410,7957,59,,
1712470900,5,273,-457,3501,7429,108,128,163,337,7922,47,,
in bus 1731
1712470902,0,247,-487,1873,6644,127,142,175,356,7404,54,,
1712470906,0,246,-1746,-1469,8748,335,501,464,1319,6668,342,,
1712470908,1,276,-2418,295,8408,67,113,118,298,8101,70,,
1712470910,0,253,-1215,-245,7452,9,11,12,25,7106,5,,
1712470912,0,249,-3068,-286,6818,31,37,39,78,6993,19,,
1712470914,1,274,-2616,-614,6480,41,48,48,101,6360,27,,
1712470916,0,231,-3142,-913,6092,17,26,25,66,7106,17,,
1712470918,1,280,-3407,608,7867,36,47,45,122,6240,29,,
1712470920,2,286,-1378,-1537,7537,66,87,110,236,8364,35,,
1712470922,1,261,-3367,-82,7050,53,65,84,177,8081,23,,
1712470924,3,276,397,2393,8242,49,62,75,162,7878,27,,
1712470926,5,265,-833,81,8271,50,65,79,174,7963,28,,
1712470928,0,245,-817,1219,8760,49,63,76,167,7838,27,,
1712470930,1,268,-675,1271,8638,44,58,70,155,7952,26,,
in bus 1732 by window
1712470932,5,276,-728,457,8254,53,68,84,182,8013,28,,
1712470936,2,271,-1146,236,8204,52,67,82,179,7988,28,,
1712470938,0,235,-1264,221,8226,54,70,86,186,8103,30,,
1712470940,0,232,-1444,267,8235,54,70,86,186,8103,30,,
1712470942,0,234,-1394,252,8197,55,71,87,188,8036,30,,
1712470944,0,218,-3434,775,8550,58,71,92,191,8213,25,,
1712470946,2,247,-2633,-1093,8167,95,115,149,313,8058,41,,
1712470948,3,274,-965,-1048,8195,96,117,153,321,8135,41,,
1712470950,8,265,-818,-2124,8564,88,106,138,288,8087,37,,
1712470952,3,268,175,-694,7016,78,93,121,255,7931,32,,
1712470954,2,265,-896,-418,8113,73,87,112,235,7902,31,,
1712470956,2,269,-671,-53,8308,71,83,107,224,7788,29,,
1712470958,0,237,-976,-33,8260,70,82,106,221,7838,29,,
1712470960,1,267,-876,-59,8322,70,82,105,220,7765,29,,
1712470962,2,238,-834,-68,8283,31,37,46,100,7582,14,,
1712470964,2,268,-901,29,8257,61,72,93,196,7851,25,,
1712470966,0,247,-791,-71,8270,68,79,102,213,7791,27,,
1712470968,2,270,-918,-124,8245,68,80,102,213,7791,29,,
1712470970,1,261,-1071,-12,8235,68,79,101,210,7766,28,,
1712470972,1,269,-1033,-71,8275,67,78,100,208,7766,28,,
1712470974,2,246,-1119,-170,8299,67,78,100,208,7766,28,,
1712470976,2,267,-871,-195,8347,67,77,99,206,7689,27,,
1712470978,0,246,-780,248,7481,66,77,99,206,7820,27,,
1712470980,0,231,-760,-160,8277,66,77,98,205,7741,28,,
1712470982,0,243,-850,-70,8157,66,77,98,204,7741,28,,
1712470984,2,243,4099,1169,6660,65,75,96,200,7713,27,,
1712470986,1,274,1109,2684,8239,49,58,68,151,7157,25,,
1712470988,1,269,-368,417,8755,53,65,77,169,7487,29,,
1712470990,0,249,-256,524,8523,54,66,80,173,7617,28,,
1712470992,0,243,4451,-3606,6275,46,57,66,145,7442,26,,
1712470994,0,245,595,-3141,8779,57,71,85,184,7681,31,,
1712470996,50,272,380,-1291,7930,60,74,90,193,7741,31,,
1712470998,3,263,-685,-586,7933,58,73,90,192,7971,30,,
1712471000,1,217,-383,-1099,8277,56,71,87,185,8013,30,,
1712471002,3,271,366,-1474,8897,52,63,75,162,7507,27,,
1712471004,0,232,-43,53,62,134,7536,24,,
1712471006,2,265,-1000,-220,8642,59,73,89,190,7798,30,,
1712471008,0,241,71,-1659,9108,54,66,79,170,7582,28,,
1712471010,1,238,-706,-93,8428,51,64,77,165,7807,28,,
1712471012,32,276,-647,-1013,8069,44,55,65,141,7625,24,,
1712471014,6,269,-1069,-681,8076,47,59,71,153,7813,25,,
1712471016,39,267,-641,-722,8380,44,55,66,143,7741,24,,
1712471018,0,225,-1127,-895,8384,47,59,71,153,7813,25,,
1712471020,10,269,-1620,-296,8429,47,60,72,156,7846,26,,
1712471022,4,266,-1807,189,8140,47,60,72,156,7846,26,,
1712471024,6,269,-1187,-47,7958,46,59,71,153,7922,26,,
1712471026,4,270,-422,558,8296,48,59,71,152,7704,25,,
1712471028,3,288,-746,489,8458,48,59,71,153,7635,25,,
1712471030,2,239,-724,543,8272,48,59,71,152,7704,25,,
1712471032,3,264,-773,484,8347,48,59,71,152,7704,25,,
1712471034,3,245,-717,489,8351,49,59,71,153,7529,25,,
1712471036,2,266,-749,493,8419,48,58,70,151,7529,24,,
1712471038,3,261,-772,556,8267,48,58,70,150,7595,24,,
1712471040,2,273,-797,522,8385,48,58,70,150,7595,24,,
1712471042,0,242,-763,482,8397,48,58,70,150,7595,24,,
1712471044,2,264,-772,481,8323,48,58,70,150,7595,24,,
1712471046,1,269,-768,530,8318,48,58,70,150,7595,24,,
1712471048,0,232,1165,-377,8057,26,31,33,78,6534,16,,
1712471050,2,263,-289,1158,8525,44,50,62,129,7413,19,,
1712471052,4,246,1412,902,8243,40,47,54,118,7040,21,,
1712471054,4,240,1086,1145,8344,41,47,55,120,6979,20,,
1712471056,1,269,1131,1570,8121,42,48,57,122,7106,20,,
1712471058,4,235,1099,1073,8274,42,48,56,121,6979,21,,
1712471060,3,270,926,872,8198,42,49,57,123,7106,21,,
1712471062,2,281,1051,999,8289,42,48,57,122,7106,20,,
1712471064,0,240,1121,727,8587,42,49,57,122,7171,21,,
1712471066,3,266,765,966,8260,43,49,57,122,6979,21,,
1712471068,2,262,758,934,8267,43,49,57,123,6979,21,,
1712471070,0,225,327,835,8446,41,46,53,116,6777,20,,
1712471072,5,270,1097,1081,8353,43,48,56,121,6852,20,,
1712471074,6,270,1478,1415,8228,43,49,57,122,6979,21,,
1712471076,3,260,293,1092,8020,43,48,56,120,6852,20,,
1712471078,3,266,859,815,8003,43,48,55,119,6725,21,,
1712471080,0,236,1352,1586,7292,40,45,50,110,6561,21,,
1712471082,5,264,572,777,7557,41,45,50,110,6425,21,,
1712471084,5,264,1489,1273,6548,43,48,55,119,6725,21,,
1712471086,4,269,439,1461,8569,47,52,60,130,6701,22,,
1712471088,3,260,-1094,1884,6643,40,45,50,110,6561,21,,
1712471090,0,228,688,1086,8237,40,44,49,107,6471,20,,
1712471092,6,277,1016,687,7778,38,43,49,107,6753,19,,
1712471094,7,253,394,1842,8133,31,35,39,87,6586,16,,
1712471096,4,262,1117,1608,8070,32,36,39,89,6360,17,,
1712471098,0,225,1122,1632,8085,28,32,33,78,6108,17,,
1712471100,4,261,1851,1140,7695,30,34,35,82,6066,18,,
1712471102,4,270,1833,1777,8309,36,40,42,96,6115,20,,
1712471104,0,230,1122,1521,8175,40,43,46,104,6017,21,,
1712471106,3,262,555,1291,8198,40,44,47,105,6188,22,,
1712471108,3,265,444,2196,8244,40,43,46,103,6047,21,,
1712471110,8,261,909,2114,8230,40,44,46,105,6017,22,,
1712471112,6,215,599,1528,7758,40,44,46,104,6047,22,,
1712471114,0,233,1186,1686,8348,41,44,47,105,6017,21,,
1712471116,7,270,420,1715,8124,40,43,46,104,6017,21,,
1712471118,8,265,158,1656,7801,41,44,47,105,6017,21,,
1712471120,6,269,602,1659,8138,41,44,47,105,6017,21,,
1712471122,6,259,3869,-159,5865,41,44,47,106,6017,21,,
1712471124,8,247,448,-164,8476,47,52,57,127,6355,25,,
1712471126,2,246,54,-367,8294,48,53,57,129,6209,26,,
1712471128,5,262,444,-570,8343,47,53,56,128,6240,27,,
1712471130,0,205,516,-483,8339,47,53,56,128,6240,27,,
1712471132,5,265,573,-475,8289,46,52,55,126,6240,26,,
1712471134,7,266,634,-452,8354,47,52,55,126,6124,26,,
1712471136,6,268,585,-278,8326,47,52,55,126,6124,26,,
1712471138,4,255,488,-514,8406,48,53,56,128,6097,27,,
1712471140,2,214,633,-407,8366,48,53,56,128,6097,27,,
1712471142,4,266,478,-440,8371,48,53,56,128,6097,27,,
1712471144,6,272,516,-409,8360,48,53,57,128,6240,26,,
1712471146,6,270,534,-469,8363,48,53,56,127,6124,27,,
1712471148,2,249,-171,575,8336,49,54,57,129,6097,27,,
1712471150,3,264,-31,175,9117,55,59,64,141,6127,28,,
1712471152,3,265,-431,-53,8221,63,68,75,161,6316,31,,
1712471154,2,261,397,531,7878,69,71,78,166,5998,32,,
1712471156,5,261,1140,-782,8785,52,56,61,135,6180,26,,
1712471158,4,265,-792,599,8167,41,47,50,114,6383,24,,
1712471160,3,265,455,752,9235,29,35,34,83,6066,20,,
1712471162,7,260,352,186,9082,26,30,28,71,5582,18,,
1712471164,3,262,334,756,8558,37,42,44,101,6226,22,,
1712471166,2,241,91,1741,7380,34,39,39,94,5963,21,,
1712471168,1,261,186,91,8665,34,38,38,92,5810,21,,
1712471170,0,210,780,-228,8312,31,36,35,87,5836,21,,
1712471172,0,231,710,-583,8245,28,33,32,80,5893,19,,
1712471174,7,257,315,-234,8315,25,31,30,75,6153,18,,
1712471176,0,233,-80,338,8290,26,31,30,76,5926,18,,
1712471178,3,263,-76,380,8392,26,31,30,76,5926,18,,
1712471180,1,263,-212,235,8424,26,31,30,76,5926,18,,
1712471182,0,228,-479,75,8448,26,32,31,76,6153,19,,
1712471184,2,241,-165,395,8395,27,32,31,78,5926,19,,
1712471186,7,213,-125,465,8359,27,32,31,77,5926,19,,
1712471188,1,239,-180,316,8375,27,32,31,78,5926,19,,
1712471190,5,238,-761,845,8346,27,33,31,79,5926,20,,
1712471192,0,242,-153,413,8154,30,36,35,87,6029,21,,
1712471194,0,230,77,306,8573,47,52,51,126,5636,29,,
1712471196,4,260,162,462,8728,50,53,55,122,5796,27,,
1712471198,5,245,384,300,8569,53,55,57,124,5662,27,,
1712471200,2,244,267,577,8315,55,56,58,127,5537,28,,
1712471202,9,264,264,615,8339,54,55,58,125,5662,26,,
1712471204,2,258,133,515,8203,55,56,58,126,5537,28,,
1712471206,8,241,229,647,8379,55,56,58,126,5537,28,,
1712471208,3,263,102,536,8334,54,55,58,125,5662,26,,
1712471210,2,261,109,586,8363,55,56,58,126,5537,28,,
1712471212,0,233,25,629,8310,55,56,58,126,5537,28,,
1712471214,0,224,-395,1152,8190,55,56,59,127,5649,27,,
1712471216,6,268,-41,612,8378,54,55,58,124,5662,26,,
1712471218,2,267,115,585,8415,54,55,58,124,5662,26,,
1712471220,3,245,-453,924,8409,54,55,58,124,5662,26,,
1712471222,3,238,-668,1207,8245,54,56,59,127,5778,27,,
1712471224,0,207,-350,1060,8297,51,55,58,129,5985,27,,
1712471226,2,267,-414,507,8028,44,48,51,112,6120,24,,
1712471228,5,265,533,568,8169,53,57,61,129,6153,28,,
1712471230,2,262,271,304,8023,55,58,63,134,6097,27,,
1712471232,21,260,-228,-1397,8151,60,63,69,145,6127,29,,
1712471234,3,262,-111,150,8512,57,60,65,138,6071,28,,
1712471236,3,256,-97,430,8321,58,61,66,140,6047,29,,
1712471238,0,233,-7,467,8279,57,61,66,139,6180,29,,
1712471240,6,259,-317,478,8337,75,88,91,214,6309,47,,
1712471242,2,278,-174,471,8381,100,127,126,318,6394,75,,
1712471244,4,232,-187,501,8336,63,69,74,163,6198,34,,
1712471246,3,263,-75,528,8339,57,60,66,139,6180,27,,
1712471248,6,260,-332,144,8369,57,61,66,139,6180,29,,
1712471250,9,237,626,-384,8421,56,60,65,139,6180,28,,
1712471252,3,267,269,-1081,8305,56,60,66,141,6259,28,,
1712471254,5,268,349,740,8316,52,56,60,130,6124,27,,
1712471256,6,261,2662,177,8117,48,52,56,120,6217,25,,
1712471258,5,267,2324,-138,7763,44,47,50,112,5963,23,,
1712471260,2,235,1292,28,8256,47,50,54,118,6061,24,,
1712471262,10,269,1069,-164,8040,48,51,56,120,6184,23,,
1712471264,7,255,-1018,698,8106,49,52,57,122,6184,24,,
1712471266,2,272,-2171,1348,8008,49,53,58,122,6344,25,,
1712471268,5,257,-2084,354,6701,46,51,56,120,6471,24,,
1712471270,2,216,1126,-2285,8574,43,48,53,116,6514,23,,
1712471272,3,265,-521,401,7885,49,52,56,121,6061,25,,
1712471274,0,244,635,-284,8120,42,46,48,107,6017,23,,
1712471276,3,268,-98,-143,8565,37,40,41,92,5836,21,,
1712471278,1,255,-50,197,8288,33,37,37,84,5893,20,,
1712471280,2,215,316,-188,8415,33,37,38,86,6066,19,,
1712471282,3,250,308,-93,8213,34,38,38,88,5863,21,,
1712471284,2,259,-1184,826,8301,34,37,37,85,5697,20,,
1712471286,3,259,-2700,4,8097,34,37,38,84,5893,19,,
1712471288,3,255,-2835,103,7752,39,41,43,93,5836,20,,
1712471290,0,241,-250,1731,7897,53,55,59,123,5938,26,,
1712471292,1,255,400,-2223,8210,65,69,76,158,6275,32,,
1712471294,0,221,378,-1471,8120,83,86,97,196,6312,37,,
1712471296,2,265,581,-1546,7575,79,82,91,185,6194,37,,
1712471298,4,211,1066,-1448,8322,64,68,75,157,6275,31,,
1712471300,2,238,1309,-1577,7627,62,66,73,153,6303,30,,
1712471302,0,228,1638,-1394,8262,59,64,70,148,6333,30,,
1712471304,5,263,696,-1447,8313,58,63,69,146,6365,30,,
1712471306,0,227,848,-1452,8198,58,62,69,144,6365,28,,
1712471308,0,230,883,-1376,8170,60,66,72,153,6404,31,,
1712471310,0,224,954,-1448,8246,76,93,97,227,6604,51,,
1712471312,0,231,923,-1443,8233,96,126,127,316,6677,74,,
1712471314,2,235,769,-1363,8149,116,158,156,399,6709,97,,
1712471316,0,230,778,-1497,8173,69,78,84,189,6391,39,,
1712471318,6,234,827,-1557,8221,62,68,75,161,6439,32,,
1712471320,1,237,-102,-989,8276,59,63,70,146,6365,29,,
1712471322,4,259,62,-828,8698,56,60,67,140,6398,27,,
1712471324,0,232,223,-892,8233,52,57,63,134,6471,26,,
1712471326,5,265,525,-1360,8891,50,55,60,128,6391,26,,
1712471328,0,229,1389,-1421,8591,52,56,62,129,6391,26,,
1712471330,2,272,1622,-1308,8232,54,58,62,132,6124,28,,
1712471332,2,244,1916,-1515,8364,52,56,60,128,6153,27,,
1712471334,5,259,1759,-882,8878,50,54,58,125,6153,26,,
1712471336,2,210,2140,-999,8111,50,54,58,125,6153,26,,
1712471338,3,263,1770,-745,8201,51,55,58,126,6034,27,,
1712471340,1,261,1666,-362,8080,50,55,58,126,6153,28,,
1712471342,5,237,1831,-398,8234,51,55,58,126,6034,27,,
1712471344,3,262,1163,-570,8214,49,54,57,124,6184,27,,
1712471346,0,223,1559,-563,8252,50,54,57,124,6034,27,,
1712471348,1,267,1697,-371,8186,49,54,57,123,6184,27,,
1712471350,6,238,1774,-530,8249,50,54,57,124,6034,27,,
1712471352,0,226,3018,-576,8434,49,53,56,122,6061,26,,
1712471354,5,240,1188,488,8356,52,54,57,121,5815,26,,
1712471356,3,234,1235,444,8337,51,53,56,120,5815,26,,
1712471358,3,263,1683,282,8136,51,53,56,119,5815,26,,
1712471360,3,262,1431,130,8270,51,53,56,121,5796,26,,
1712471362,3,262,1514,198,8220,52,53,56,121,5677,25,,
1712471364,6,209,1329,122,8374,52,54,57,122,5796,26,,
1712471366,0,231,1476,158,8252,52,54,57,121,5815,26,,
1712471368,5,255,1438,68,8277,52,54,57,121,5815,26,,
1712471370,0,229,1308,71,8327,51,53,56,121,5796,26,,
1712471372,4,268,1212,76,8380,51,53,56,120,5815,26,,
1712471374,7,231,1315,150,8308,51,54,57,121,5938,26,,
1712471376,3,260,1432,52,8234,53,54,57,122,5677,26,,
1712471378,5,264,1213,2,8420,51,53,56,119,5815,26,,
1712471380,7,263,2271,955,7342,51,53,56,121,5796,26,,
1712471382,6,238,756,-398,8183,50,53,56,120,5938,26,,
1712471384,3,261,818,-53,8571,50,53,55,119,5815,27,,
1712471386,0,230,329,-659,7863,52,54,57,121,5815,26,,
1712471388,0,231,627,-244,8086,53,55,58,122,5815,27,,
1712471390,0,220,726,-1773,8784,54,55,58,122,5677,26,,
1712471392,3,256,264,-543,8577,46,48,50,106,5765,24,,
1712471394,4,248,1267,-1281,8355,57,57,59,122,5439,28,,
1712471396,6,267,865,-1663,7878,81,79,85,168,5555,36,,
1712471398,6,267,1615,-1923,7852,80,78,85,170,5633,34,,
1712471400,3,255,775,-1553,8124,77,76,83,165,5745,34,,
1712471402,0,229,973,-1664,7710,79,78,86,169,5836,34,,
1712471404,2,233,980,-2014,7994,80,79,87,173,5807,35,,
1712471406,6,262,1014,-1604,8396,81,80,89,174,5909,34,,
1712471408,7,254,1027,-1494,8106,79,78,87,172,5909,33,,
1712471410,2,242,694,-1233,8216,79,78,86,171,5821,34,,
1712471412,0,229,749,-1251,8244,78,78,86,170,5926,34,,
1712471414,2,257,793,-1269,8296,79,78,86,171,5821,34,,
1712471416,4,244,500,-970,8374,79,75,83,161,5572,31,,
1712471418,3,261,630,-1247,8255,78,77,86,170,5909,33,,
1712471420,2,259,-133,-197,8306,77,77,85,169,5926,34,,
1712471422,0,220,165,-611,8571,72,73,80,161,5963,33,,
1712471424,0,220,-111,-483,8732,66,67,74,149,6024,30,,
1712471426,5,253,11,-1043,8464,59,60,65,133,5873,27,,
1712471428,0,202,-258,-973,7778,52,54,57,120,5815,26,,
1712471430,3,266,-393,-552,7626,60,62,62,138,5406,33,,
1712471432,11,264,451,-515,8252,69,71,76,154,5902,34,,
1712471434,2,257,193,-588,8297,78,78,86,170,5926,34,,
1712471436,4,252,196,-867,8488,67,71,77,161,6153,33,,
1712471438,6,260,-267,-573,8850,57,61,66,141,6153,29,,
1712471440,5,261,-809,-1416,8659,38,43,45,99,6267,22,,
1712471442,0,227,719,-1629,8411,48,52,54,113,6017,26,,
1712471444,0,232,1291,-160,8876,54,56,60,122,5963,26,,
1712471446,1,260,1631,1017,8096,55,57,60,124,5815,28,,
1712471448,6,233,1666,948,8919,52,55,59,126,6034,26,,
1712471450,0,201,-677,-331,8652,63,66,69,148,5802,33,,
1712471452,1,262,138,-684,8674,65,71,70,163,5633,39,,
1712471454,4,235,284,-469,8509,52,57,59,127,6034,29,,
1712471456,0,237,1212,921,8708,44,47,48,102,5787,24,,
1712471458,0,229,947,89,7373,44,46,48,104,5765,23,,
1712471460,1,255,541,-413,8140,43,45,46,99,5640,23,,
1712471462,5,262,877,229,8206,43,45,46,100,5640,23,,
1712471464,0,217,-279,-448,8613,38,44,43,105,5881,25,,
1712471466,6,261,123,-767,8630,42,46,46,101,5787,25,,
1712471468,7,233,329,-328,8704,43,47,46,106,5609,26,,
171247147044,48,51,112,6120,24,,
1712471476,5,254,494,-856,8493,41,46,48,107,6188,24,,
1712471478,0,229,452,-1044,8251,33,39,40,92,6360,21,,
1712471480,0,235,251,-275,8326,32,38,39,90,6360,21,,
1712471482,1,262,236,-164,8378,32,38,39,90,6360,21,,
1712471484,0,227,247,-217,8349,32,38,39,90,6360,21,,
1712471486,6,265,282,-150,8345,32,37,39,89,6360,19,,
1712471488,3,251,352,-143,8369,32,37,39,89,6360,19,,
1712471490,3,261,137,-197,8394,32,37,39,90,6360,19,,
1712471492,4,265,217,-178,8346,32,37,39,89,6360,19,,
1712471494,0,217,126,-181,8464,32,37,39,89,6360,19,,
1712471496,7,236,81,-211,8453,32,37,39,90,6360,19,,
1712471498,6,270,124,-218,8415,31,37,38,88,6413,20,,
1712471500,3,264,131,-157,8349,31,37,38,88,6413,20,,
1712471502,6,268,108,-216,8331,31,37,38,89,6360,20,,
171247150431,37,38,88,6413,20,,
1712471506,5,274,91,-166,8253,31,37,38,88,6413,20,,
1712471508,5,253,-376,-13,8020,31,36,38,88,6360,18,,
1712471510,1,260,-763,-216,8337,29,35,37,85,6652,18,,
1712471512,6,265,-676,-239,8304,29,36,37,86,6652,20,,
1712471514,1,253,-715,-271,8322,29,35,37,85,6652,18,,
1712471516,6,258,-795,-265,8328,29,35,37,85,6652,18,,
1712471518,5,265,-910,20,8200,29,35,37,85,6652,18,,
1712471520,3,241,-736,-259,8311,29,35,37,84,6652,18,,
1712471522,0,229,-731,-438,8251,31,37,38,87,6413,20,,
1712471524,4,268,-751,-493,8220,40,45,48,105,6373,22,,
1712471526,5,267,-749,-469,8210,36,42,45,99,6629,21,,
1712471528,0,224,-883,-543,8228,37,43,46,102,6572,22,,
1712471530,5,263,-890,-475,8231,38,44,46,103,6373,23,,
1712471532,0,242,-1099,23,8344,39,45,48,105,6519,23,,
1712471534,0,220,-1182,-81,8381,36,42,44,98,6471,22,,
1712471536,0,239,-1224,176,8287,40,46,49,106,6519,23,,
1712471538,0,228,-2241,401,7767,40,47,49,108,6519,25,,
1712471540,3,261,-3295,342,7619,43,49,52,114,6425,25,,
1712471542,6,265,-2227,-59,8421,46,52,54,115,6289,27,,
1712471544,5,259,-1317,446,8209,48,53,55,117,6120,27,,
1712471546,1,255,-975,147,8333,51,56,58,122,6090,29,,
1712471548,3,257,-1372,-788,8082,53,58,61,129,6153,29,,
1712471550,5,261,-927,-643,7674,50,55,59,122,6383,27,,
1712471552,3,265,-2034,-1024,8946,49,54,58,117,6471,26,,
1712471554,2,266,-2132,-1291,7951,49,53,55,111,6080,27,,
1712471556,0,227,-2348,-1199,8053,47,52,53,111,6047,28,,
1712471558,0,225,-2063,-1691,8344,46,50,52,112,6017,25,,
1712471560,3,259,-2461,-1863,7943,49,53,56,116,6153,26,,
1712471562,4,239,-2236,-1899,7348,48,53,57,118,6425,26,,
1712471564,5,263,-3311,-1774,8252,48,53,58,119,6561,25,,
1712471566,9,262,-778,1014,8618,45,47,50,106,5906,22,,
1712471568,23,262,-749,109,8304,45,47,50,107,5881,22,,
1712471570,49,255,-877,12,8264,46,49,51,110,5881,25,,
1712471572,5,262,-667,238,8609,48,50,53,112,5857,24,,
1712471574,0,215,-1102,27,8298,47,50,53,110,6047,24,,
1712471576,13,255,-888,627,8268,46,48,50,105,5765,24,,
1712471578,2,268,-2407,424,8170,471712471584,0,204,4435,2844,6426,30,37,35,94,5933,23,,
1712471586,1,264,3908,2608,6858,31,39,36,98,5906,25,,
1712471588,0,232,3933,2586,6812,31,38,36,96,5906,23,,
1712471590,4,238,2408,5267,6066,21,24,23,58,5677,14,,
1712471592,0,226,-234,-193,8699,46,49,50,108,5745,25,,
1712471594,4,258,152,34,8417,41,45,47,103,6080,23,,
1712471596,6,267,-240,-671,8286,41,46,47,105,6047,24,,
1712471598,2,261,-25,-645,8105,41,45,47,104,6047,23,,
1712471600,3,261,-170,-490,8263,40,45,47,103,6226,23,,
1712471602,6,262,2177,2328,7684,34,41,38,102,5726,25,,
1712471604,4,263,772,-1337,8032,36,39,42,87,6289,19,,
1712471606,2,262,-2604,-290,8440,41,49,49,116,6217,28,,
1712471608,6,265,-1672,2293,7961,36,44,44,103,6373,25,,
1712471610,7,253,294,-828,8457,39,45,44,108,5857,26,,
1712471612,4,228,-869,-1410,8266,37,45,45,103,6420,26,,
1712471614,0,226,-732,-1087,8220,39,47,46,109,6153,27,,
1712471616,1,257,3448,321,7384,37,43,41,104,5726,25,,
1712471618,1,255,2644,315,8493,38,44,43,108,5836,25,,
1712471620,0,229,-4266,1310,7798,35,41,43,92,6586,21,,
1712471622,0,235,-260,16,8152,35,40,41,94,6153,21,,
1712471624,0,224,-1014,-490,8525,39,43,44,100,5933,23,,
1712471626,0,219,-189,-315,8288,35,40,41,92,6194,21,,
1712471628,8,255,1745,-2378,7683,48,51,51,114,5582,27,,
1712471630,1,244,1403,-436,7907,51,53,52,120,5316,29,,
1712471632,3,255,3763,-102,7644,43,54,50,133,5941,34,,
1712471634,6,253,4257,-468,7047,43,54,50,132,5941,34,,
1712471636,3,239,-2220,2795,8270,35,39,38,95,5624,22,,
1712471638,4,232,-366,1525,8190,38,41,41,97,5624,22,,
1712471640,2,265,-606,1696,8233,38,41,41,98,5624,22,,
1712471642,0,232,-685,1682,8158,38,41,41,97,5624,22,,
1712471644,5,250,-677,1749,8176,38,41,40,97,5483,23,,
1712471646,0,201,-770,1288,8209,37,41,41,98,5765,22,,
1712471649,3,261,-774,1216,8225,37,41,40,97,5624,23,,
1712471651,0,223,-796,1256,8202,37,41,40,97,5624,23,,
1712471653,0,223,-787,1202,8195,37,40,40,97,5624,21,,
1712471655,5,256,-785,1196,8213,36,40,40,96,5787,22,,
1712471657,0,230,-775,1201,8218,36,40,40,96,5787,22,,
1712471659,4,233,-761,1151,8191,36,40,40,96,5787,22,,
1712471661,4,240,-1116,1053,8930,35,38,38,92,5640,20,,
1712471663,3,233,-830,1030,8192,35,38,39,91,5810,20,,
1712471665,3,242,-601,887,8244,37,40,40,93,5658,21,,
1712471667,3,263,-1547,578,8293,36,39,40,92,5810,20,,
1712471669,3,262,-1624,719,8600,37,40,41,93,5810,21,,
1712471671,0,221,-1574,455,7951,39,41,42,96,5640,21,,
1712471673,1,239,-1041,104,8390,41,43,45,99,5787,21,,
1712471675,4,268,-647,-544,8330,48,49,51,110,5595,24,,
1712471677,3,261,-806,579,6091,24,29,27,73,5745,18,,
1712471679,1,235,-1063,1348,8508,47,43,41,105,4528,22,,
1712471681,3,253,-1325,383,8520,44,45,48,103,5765,21,,
1712471683,0,222,-699,184,8375,45,46,50,105,5906,21,,
1712471685,5,263,-1351,670,8577,37,40,42,95,5963,20,,
1712471687,4,257,-1274,1725,8368,33,37,38,89,5994,19,,
1712471689,0,203,29,-53,11502,31,35,37,86,6194,18,,
1712471691,3,258,-1039,337,7732,30,34,36,84,6240,17,,
1712471693,0,201,-492,444,8750,27,31,31,77,5926,17,,
1712471695,5,263,-266,1876,8657,31,35,36,84,6066,18,,
1712471697,0,240,-883,985,7734,31,35,36,85,6029,18,,
1712471699,0,235,-888,-258,8156,32,36,37,88,5994,19,,
1712471701,3,259,-440,-208,8570,33,37,38,90,5994,19,,
1712471703,2,256,50,-683,9274,37,40,42,93,5994,20,,
1712471705,0,220,13,49,9503,43,45,47,104,5745,22,,
1712471707,4,228,-478,275,7901,44,46,48,104,5765,23,,
1712471709,1,252,-484,795,9144,41,43,45,100,5765,21,,
1712471711,3,263,-11,837,7969,57,62,58,147,5291,36,,
1712471713,0,228,-658,403,8230,45,48,49,112,5709,25,,
1712471715,4,258,-499,967,8795,39,43,43,102,5745,23,,
1712471717,1,252,-1017,1374,8331,35,39,40,96,5933,20,,
1712471719,1,230,-638,1208,8276,33,38,38,93,5963,21,,
1712471721,3,250,-490,1435,8248,30,35,36,88,6153,19,,
1712471723,4,237,-261,1697,8416,29,34,34,86,5994,19,,
1712471725,0,233,-251,1439,8326,28,33,33,84,6029,18,,
1712471727,1,239,57,581,8363,28,32,33,81,6066,17,,
1712471729,1,255,-76,347,9482,28,33,33,81,6066,18,,
1712471731,0,223,-332,317,8491,32,38,37,93,5963,22,,
1712471733,0,226,-1008,1195,8648,26,31,31,76,6153,17,,
1712471735,5,223,-777,1778,8165,34,39,39,97,5906,21,,
1712471737,0,216,-1251,361,7924,29,34,35,83,6240,18,,
1712471739,1,253,-523,1629,8342,30,35,36,87,6194,19,,
1712471741,0,229,-673,1175,8966,28,33,34,81,6289,18,,
1712471743,1,259,-881,976,7312,31,36,36,89,5994,20,,
1712471745,0,222,-623,1740,7685,29,34,34,85,6029,19,,
1712471747,3,249,-676,1058,8471,26,31,32,78,6289,17,,
1712471749,5,249,-746,1511,8512,20,25,25,64,6321,14,,
1712471751,0,217,-749,1160,7822,30,36,35,91,5963,21,,
1712471753,0,197,-1064,616,8272,40,46,44,110,5709,27,,
1712471755,4,258,-2705,-504,7727,36,41,40,97,5787,23,,
1712471757,2,210,-985,1874,8813,53,51,52,116,5085,25,,
1712471759,0,208,-881,1842,8402,70,63,65,131,4686,29,,
1712471761,4,255,1771,2095,7947,80,73,74,147,4629,35,,
171247176390,82,83,162,4594,39,,
1712471769,1,246,1386,4228,6310,84,78,79,158,4757,38,,
1712471771,3,255,3160,4653,7217,84,79,80,157,4829,38,,
1712471773,0,216,2583,2765,6754,118,110,110,211,4646,54,,
1712471775,6,226,3213,3667,7520,115,108,108,205,4688,54,,
1712471777,0,221,5990,2890,8312,114,108,110,195,4869,52,,
1712471779,1,257,4195,1434,6392,111,107,109,195,5031,53,,
1712471781,4,255,4322,2308,7324,110,108,109,199,5118,54,,
1712471783,2,252,3185,1405,6777,119,115,115,211,4896,58,,
1712471785,1,256,3722,3085,6784,118,113,114,209,4896,56,,
1712471787,0,226,3848,2714,6506,113,108,108,201,4812,54,,
1712471789,4,262,4055,2907,6758,112,107,108,200,4889,53,,
1712471791,5,254,3676,2383,7772,109,105,105,195,4876,53,,
1712471793,2,233,2324,4897,3140,95,83,85,155,4271,37,,
1712471795,0,233,3147,2331,7960,82,69,70,124,3856,31,,
1712471797,5,252,2634,3314,6301,91,80,79,148,4058,38,,
1712471799,0,231,2959,1956,6657,85,74,74,136,4068,35,,
1712471801,0,225,-833,-1464,8550,28,29,31,61,5963,13,,
1712471803,0,232,-118,2051,8187,46,43,44,79,4799,20,,
1712471805,0,231,-633,1047,8858,48,43,45,85,4704,19,,
1712471807,2,260,-1335,3142,7044,50,45,47,87,4704,20,,
1712471809,1,253,-1767,1555,8257,70,61,64,116,4463,26,,
1712471811,3,250,-1388,1393,7503,65,57,60,110,4544,24,,
1712471813,4,255,-2083,1204,8299,61,54,57,106,4656,23,,
1712471815,0,222,-1419,1052,7721,59,52,55,103,4656,22,,
1712471817,0,219,-1287,1297,7843,58,51,54,101,4636,22,,
1712471819,0,241,-1717,1195,8806,61,54,57,105,4656,23,,
1712471822,2,232,-1635,560,7216,60,53,56,103,4636,23,,
1712471824,4,258,-1700,451,9175,58,51,54,100,4636,22,,
1712471826,2,239,-1254,833,6232,58,51,54,101,4636,22,,
1712471828,0,217,-1789,436,6333,62,54,57,104,4520,23,,
1712471830,0,224,-1246,1483,7099,62,54,57,104,4520,23,,
1712471832,0,229,-875,1509,7169,60,53,55,102,4495,23,,
1712471834,2,231,-1592,1800,10189,58,51,53,99,4495,22,,
1712471836,3,257,-811,1707,8766,56,50,52,97,4614,22,,
1712471838,10,261,-1047,1741,8637,58,51,53,99,4495,22,,
1712471840,3,234,-1088,1635,7923,57,50,52,98,4495,22,,
1712471842,2,262,-1062,1037,8807,55,50,52,99,4761,23,,
1712471844,3,251,-1218,1244,8325,58,51,54,100,4636,22,,
1712471846,2,260,-1066,750,7165,56,50,53,99,4761,21,,
1712471848,0,227,-1377,2689,8208,56,50,52,98,4614,22,,
1712471850,0,222,-802,2656,8256,53,48,50,96,4761,21,,
1712471852,1,231,-1038,980,8485,25,26,27,61,5649,13,,
1712471854,0,215,-780,1000,7565,27,28,29,64,5649,14,,
1712471856,3,251,-882,2524,7940,40,37,39,79,5027,16,,
1712471858,4,262,-831,2843,8203,51,46,48,92,4743,20,,
1712471860,4,269,-823,1102,7666,47,43,45,88,4883,19,,
1712471862,0,219,-643,1087,6670,30,30,31,68,5401,14,,
1712471864,5,259,-687,1483,8080,30,30,31,67,5412,14,,
1712471866,0,227,-811,1269,8092,18,21,21,53,5963,11,,
1712471868,2,246,-480,1385,8545,16,19,19,50,6017,10,,
1712471870,3,245,-514,624,9134,16,19,19,49,6017,10,,
1712471872,1,296,-551,1401,8989,16,19,19,49,6017,10,,
1712471874,3,254,984,2112,8027,16,19,19,49,6017,10,,
1712471876,25,249,-342,2012,8584,16,19,19,50,6017,10,,
1712471878,2,255,-1027,1247,8236,16,19,19,50,6017,10,,
1712471880,0,205,-639,2022,8412,16,19,19,49,6017,10,,
1712471882,0,204,-1195,1968,8459,16,19,19,50,6017,10,,
1712471884,0,232,-782,980,8166,16,20,20,50,6373,11,,
1712471886,3,258,-643,810,8492,16,20,20,50,6373,11,,
1712471888,0,226,-778,361,9245,16,20,20,50,6373,11,,
1712471890,0,202,-1265,1109,8186,16,19,19,50,6017,10,,
1712471892,1,257,-1146,-1512,8559,15,19,20,46,6932,10,,
1712471894,1,257,-77,-92,9259,18,21,22,53,6289,11,,
1712471896,1,228,-272,239,8904,20,22,23,53,6017,11,,
1712471898,3,227,-150,361,8556,20,23,23,55,5963,12,,
1712471900,4,253,-348,219,8172,20,22,23,54,5963,11,,
1712471902,0,235,-190,284,8216,21,23,23,55,5709,12,,
1712471904,2,254,-25,120,7996,20,22,23,54,5963,11,,
1712471906,2,232,-212,-292,8857,20,22,23,53,6017,11,,
1712471908,2,261,-235,-352,8056,19,22,23,53,6289,11,,
1712471910,0,215,-432,-232,7041,19,22,22,52,6017,12,,
1712471912,2,247,-254,-69,8030,19,21,22,52,6017,10,,
1712471914,2,260,-1502,153,5789,18,21,22,51,6373,11,,
1712471916,0,235,-358,120,7953,23,24,25,57,5677,12,,
1712471918,2,248,-431,556,8168,33,31,32,71,5019,14,,
1712471920,1,257,-624,1191,8490,26,26,27,62,5412,12,,
1712471922,8,251,-709,775,8294,27,27,28,64,5412,13,,
1712471924,1,254,-850,942,7639,21,23,23,56,5677,12,,
1712471926,2,255,-1039,1390,7245,19,21,21,53,5709,11,,
1712471928,2,251,-1189,1518,8083,20,23,23,56,5963,12,,
1712471930,1,229,-1239,1956,8039,24,26,26,61,5649,14,,
1712471932,1,249,-1291,2071,7962,23,25,25,61,5649,13,,
1712471934,2,206,-1271,1861,7836,24,25,25,61,5412,13,,
1712471936,0,219,-962,1130,7118,24,26,26,62,5649,14,,
1712471938,1,247,-939,1559,9234,23,24,25,59,5649,12,,
1712471940,0,215,-1494,2621,7594,24,25,26,61,5649,12,,
1712471943,0,223,-1793,3775,7109,24,26,26,62,5649,14,,
1712471945,0,227,-659,2329,8772,29,30,30,69,5401,15,,
1712471947,8,254,-1267,2407,8813,22,24,24,58,5677,13,,
1712471949,0,220,-1034,1858,8038,19,22,21,55,5677,13,,
1712471951,0,218,-935,1742,8034,27,28,28,65,5412,14,,
1712471953,5,250,-878,2357,8245,26,27,27,63,5412,14,,
1712471955,4,259,-867,1947,7781,16,19,19,50,6017,10,,
1712471957,2,231,-725,1896,8084,16,19,18,49,5745,11,,
1712471959,6,257,-643,1372,7350,16,20,19,50,6017,12,,
1712471961,2,257,-426,1847,10329,14,17,16,46,5745,10,,
1712471963,5,253,-1028,1559,9017,19,22,21,54,5709,13,,
1712471965,5,255,-1066,2001,8393,17,20,20,52,5963,11,,
1712471967,4,232,-1101,261,7494,14,18,18,46,6471,10,,
1712471969,2,262,549,-2576,8297,12,16,17,40,7106,8,,
1712471971,4,259,174,-1665,8144,12,16,17,40,7106,8,,
1712471973,0,227,219,-870,7316,12,16,17,40,7106,8,,
1712471975,2,262,-81,305,8436,12,16,17,41,7106,8,,
1712471977,0,222,128,-715,8786,12,16,17,41,7106,8,,
1712471979,0,192,-310,-5,7631,13,17,17,42,6586,10,,
1712471981,4,251,-397,-514,7672,12,16,17,41,7106,8,,
1712471983,2,231,-172,-501,8951,12,17,17,42,7106,10,,
1712471985,0,229,637,6,8595,13,17,17,42,6586,10,,
1712471987,1,230,-203,221,8329,13,17,17,42,6586,10,,
1712471989,1,230,104,210,8157,15,19,19,46,6471,11,,
1712471991,4,253,79,-267,9044,12,16,17,41,7106,8,,
1712471993,0,225,-355,-692,8617,12,16,16,41,6586,9,,
1712471995,1,253,1045,753,7936,14,18,18,44,6586,10,,
1712471997,2,258,-648,-417,7245,12,16,16,40,6725,9,,
1712471999,1,252,323,7,8786,13,16,17,41,6586,8,,
1712472001,0,217,833,1397,8694,14,18,18,44,6586,10,,
1712472003,4,249,58,-478,8439,14,18,18,45,6471,10,,
1712472005,4,249,-111,-1227,8029,14,18,18,45,6471,10,,
1712472007,0,220,238,492,8476,14,18,18,45,6471,10,,
1712472009,3,248,131,-868,9229,14,18,18,45,6471,10,,
1712472011,4,247,-87,-1264,8694,14,18,18,44,6586,10,,
1712472013,5,256,-546,187,7051,14,18,18,44,6586,10,,
1712472015,0,219,-864,562,7695,16,19,19,47,6080,10,,
1712472017,26,245,-508,114,8232,17,20,20,47,6153,11,,
1712472019,3,245,-778,-1033,8920,16,18,18,45,5787,10,,
1712472021,0,221,41,-1102,9784,15,18,18,44,6153,10,,
1712472023,3,249,-762,-748,9039,13,16,16,41,6240,9,,
1712472025,2,252,-1117,25,7872,12,16,16,41,6586,9,,
1712472027,1,254,-501,-443,8488,12,16,16,41,6586,9,,
1712472029,0,214,-1001,-312,7926,11,15,15,39,6725,9,,
1712472031,0,198,-691,-463,7861,11,15,15,39,6725,9,,
1712472033,3,247,-323,-1065,9373,11,15,15,38,6725,9,,
1712472035,0,224,-487,-1457,8854,10,14,14,37,6725,8,,
1712472037,2,254,-1395,-488,8196,11,15,15,38,6725,9,,
1712472039,2,249,-1171,-747,8904,11,15,15,38,6725,9,,
1712472041,1,252,-641,-343,7939,11,15,15,39,6725,9,,
1712472044,0,216,-648,243,8520,12,16,16,40,6725,9,,
1712472046,0,225,-940,-318,9094,13,16,16,41,6240,9,,
1712472048,2,258,-838,849,7419,16,18,18,46,5787,10,,
1712472050,1,226,-4394,5155,3957,24,26,24,63,5201,15,,
1712472052,0,222,-3921,2163,7654,19,20,20,48,5473,10,,
1712472054,3,246,-3354,2413,7751,16,19,18,48,5745,11,,
1712472056,0,222,-1414,1671,8061,15,18,17,45,5787,11,,
1712472058,7,259,-1093,862,8129,13,16,16,41,6240,9,,
1712472060,3,254,-746,1094,8249,13,16,16,40,6240,9,,
1712472062,2,251,-1028,262,8523,14,16,16,41,5836,8,,
1712472064,4,257,-963,866,8421,15,17,17,44,5787,9,,
1712472066,4,256,-722,1213,8419,35,29,25,81,3971,16,,
1712472068,2,257,-1817,395,8315,42,31,26,92,3637,16,,
1712472070,2,253,-2119,73,8264,12,16,15,40,6240,10,,
1712472072,2,252,-2021,-464,8318,26,24,21,66,4407,14,,
1712472074,2,256,-1958,93,7647,19,19,18,50,4962,10,,
1712472076,2,253,-1810,653,7366,15,17,17,43,5836,9,,
1712472078,1,255,-1803,455,8418,15,18,17,45,5787,11,,
1712472080,4,252,-901,1017,8786,28,33,28,87,5201,22,,
1712472082,1,243,-1625,498,8329,18,23,20,58,5649,15,,
1712472084,0,198,-1604,1023,7642,14,17,17,44,6153,9,,
1712472086,2,250,-1450,640,7915,14,17,16,43,5836,10,,
1712472088,2,234,-1705,1177,7917,14,17,17,44,6153,9,,
1712472090,1,247,-1916,863,8203,14,17,17,43,6153,9,,
1712472092,0,233,-1186,887,8201,18,21,19,55,5425,13,,
1712472094,1,250,-1410,1135,7962,15,19,18,48,6080,11,,
1712472096,1,258,-1091,1739,8221,15,18,17,45,5787,11,,
1712472098,0,226,-495,599,8550,14,17,16,43,5836,10,,
1712472100,0,226,-34,347,8795,19,24,22,61,5873,15,,
1712472102,3,232,-1502,-1218,8287,18,21,20,51,5745,12,,
1712472104,2,253,-601,-415,8171,16,17,17,42,5518,9,,
1712472106,3,246,-243,-621,7735,19,24,21,61,5624,16,,
1712472108,2,251,-926,1036,8165,16,20,19,51,6017,12,,
1712472110,3,249,-581,2466,7828,16,19,18,47,5787,11,,
1712472112,1,254,-151,1800,7827,20,25,22,62,5624,16,,
1712472114,2,257,-252,2538,7108,17,20,19,50,5745,12,,
1712472116,5,207,-699,2518,8977,18,22,21,58,5873,13,,
1712472118,0,232,20,2519,9824,16,19,18,49,5745,11,,
1712472120,0,220,527,2337,8481,16,19,18,50,5709,11,,
1712472122,1,229,-180,855,7709,15,18,17,44,5836,11,,
1712472124,0,223,-304,824,8395,17,19,19,47,5787,10,,
1712472126,0,223,-560,1274,7727,18,20,20,48,5787,11,,
1712472128,2,255,-861,1825,7426,18,20,20,50,5745,11,,
1712472130,2,251,-1535,1416,8703,18,21,20,54,5677,12,,
1712472132,1,259,-1923,3480,7483,14,17,16,45,5787,10,,
1712472134,0,235,-210,2607,7646,14,17,16,44,5787,10,,
1712472136,2,257,-1097,2862,8113,13,16,15,42,5836,10,,
1712472138,0,238,-1229,4482,6222,13,17,15,44,5787,11,,
1712472140,2,256,-1356,2745,7635,13,16,15,42,5836,10,,
1712472142,2,263,-1566,3283,7235,13,16,15,43,5787,10,,
1712472144,1,261,-1606,3610,7583,13,16,15,43,5787,10,,
1712472146,0,228,-562,4495,6845,12,15,13,40,5518,10,,
1712472148,0,216,-1269,3201,7312,12,16,14,41,5836,11,,
1712472150,12,260,-1299,3444,7486,13,16,14,41,5518,10,,
1712472152,3,230,-1276,3616,7372,23,31,27,82,5863,21,,
1712472154,2,267,-1214,3294,7685,50,72,62,190,6115,52,,
1712472156,3,226,-963,1673,8013,74,112,100,297,6539,79,,
1712472158,3,262,-300,1959,8179,80,123,110,326,6629,87,,
1712472160,0,223,-394,1796,8187,37,63,57,166,7260,45,,
1712472162,2,256,-380,1832,8190,23,38,34,99,7023,27,,
1712472164,0,198,-346,1837,8197,12,16,15,42,6153,10,,
1712472166,0,227,-444,1800,8021,11,15,13,38,5893,10,,
1712472169,3,249,-1252,617,8167,11,14,13,37,5893,9,,
1712472171,2,251,-1670,285,9082,11,14,13,37,5893,9,,
1712472173,4,266,-1128,-250,7906,12,15,14,38,5893,9,,
1712472175,3,261,-429,325,8191,13,16,16,41,6240,9,,
1712472177,2,262,-1040,287,7862,12,15,14,39,5893,9,,
1712472179,1,256,-1021,600,6596,12,15,14,38,5893,9,,
1712472181,3,221,-515,477,7150,11,14,14,37,6344,8,,
1712472183,2,252,-444,1468,8519,12,15,14,38,5893,9,,
1712472185,1,252,303,2134,7623,12,15,14,38,5893,9,,
1712472187,0,229,688,2363,8032,13,16,15,41,5836,10,,
1712472189,3,254,1060,2207,8407,13,16,15,41,5836,10,,
1712472191,0,226,949,2439,7803,13,16,15,41,5836,10,,
1712472193,0,227,523,1919,8369,13,16,15,41,5836,10,,
1712472195,4,262,-426,824,8301,12,16,15,40,6240,10,,
1712472197,1,257,-209,1067,8227,12,15,15,39,6240,8,,
1712472199,3,307,-134,958,8360,12,15,14,38,5893,9,,
1712472201,10,258,-319,867,8376,12,15,14,39,5893,9,,
1712472203,0,226,-241,865,8333,12,15,14,38,5893,9,,
1712472205,1,255,-233,839,8337,12,15,14,39,5893,9,,
1712472207,0,235,-173,872,8403,12,15,14,38,5893,9,,
1712472209,2,236,-209,810,8336,12,15,14,38,5893,9,,
1712472211,2,248,-144,875,8388,12,15,14,38,5893,9,,
1712472213,2,235,-203,829,8394,12,15,14,38,5893,9,,
1712472215,0,223,-1775,1409,8099,12,15,14,38,5893,9,,
1712472217,1,255,-1203,2461,7904,13,15,14,39,5518,9,,
1712472219,0,224,-881,2069,8178,12,15,14,38,5893,9,,
1712472221,3,261,-871,2051,8007,12,15,14,38,5893,9,,
1712472223,3,257,-835,2068,8078,12,15,14,39,5893,9,,
1712472225,1,261,-886,1925,8074,12,15,14,38,5893,9,,
1712472227,1,248,-764,1771,8047,13,16,15,40,5893,10,,
1712472229,4,254,-791,1791,8094,13,15,14,40,5518,9,,
1712472231,0,223,-769,1772,8093,13,15,14,40,5518,9,,
1712472233,0,230,-776,1815,8280,13,16,15,40,5893,10,,
1712472235,2,259,-744,1817,8084,13,15,14,40,5518,9,,
1712472237,0,222,-733,1707,8147,13,16,15,41,5836,10,,
1712472239,0,224,-750,1777,8083,12,15,14,40,5836,9,,
1712472241,1,258,-765,1902,8024,12,15,14,40,5836,9,,
1712472243,0,228,-722,1802,8101,12,15,14,39,5893,9,,
1712472245,2,232,-802,1777,8097,12,15,14,39,5893,9,,
1712472247,1,258,-797,1733,8056,12,15,14,39,5893,9,,
1712472249,0,222,-802,1667,8052,12,15,14,39,5893,9,,
1712472251,3,261,-770,1708,8149,12,15,14,39,5893,9,,
1712472253,4,257,-730,1811,8178,12,15,14,39,5893,9,,
1712472255,3,253,-768,1707,8155,12,15,14,39,5893,9,,
1712472257,4,226,-754,1759,8186,12,15,14,39,5893,9,,
1712472259,0,198,-710,1982,8080,13,16,14,40,5518,10,,
1712472261,4,259,-660,1910,8153,12,15,14,40,5836,9,,
1712472263,26,258,-700,1873,8098,13,16,15,41,5836,10,,
1712472265,3,255,-708,1906,8102,12,15,14,40,5836,9,,
1712472267,4,262,-646,1902,8165,13,16,14,41,5518,10,,
1712472269,3,257,-683,1856,8087,12,15,14,40,5836,9,,
1712472271,3,233,-710,1813,8100,12,16,14,40,5893,11,,
1712472273,2,260,-721,1904,8088,12,15,14,40,5836,9,,
1712472275,2,255,-654,1946,8145,13,16,15,41,5836,10,,
1712472277,0,226,-679,1906,8012,12,15,14,40,5836,9,,
1712472279,2,236,-691,1889,8075,12,15,14,40,5836,9,,
1712472281,1,255,-727,1762,8091,12,15,14,40,5836,9,,
1712472283,3,275,-626,1962,8066,12,15,14,40,5836,9,,
1712472285,2,234,-658,1902,8032,12,15,14,40,5836,9,,
1712472287,2,234,-632,1640,8070,12,15,14,40,5836,9,,
1712472289,0,237,-644,1556,8199,12,15,14,38,5893,9,,
1712472291,1,250,-610,1651,8108,12,15,13,38,5547,10,,
1712472293,2,239,-620,1655,8046,12,15,13,38,5547,10,,
1712472295,0,230,-633,1506,8164,11,14,13,37,5893,9,,
1712472297,3,248,-133,2146,8883,12,15,13,38,5547,10,,
1712472299,2,253,-311,1619,8165,11,14,13,37,5893,9,,
1712472301,0,222,-134,1331,8218,11,14,13,36,5963,9,,
1712472303,2,253,-212,1199,8267,11,14,13,36,5963,9,,
1712472305,2,234,-175,1297,8138,11,14,13,36,5963,9,,
1712472307,1,231,-126,1208,8224,11,14,13,36,5963,9,,
1712472309,3,230,-133,1282,8217,11,14,13,36,5963,9,,
1712472311,1,233,-67,1275,8293,10,14,13,35,6471,9,,
1712472313,1,252,-117,1179,8263,11,14,13,36,5963,9,,
1712472315,3,256,-111,1185,8321,11,14,13,36,5963,9,,
1712472317,2,256,-53,1242,8339,11,14,13,36,5963,9,,
1712472319,3,253,-44,1133,8397,10,14,13,35,6471,9,,
1712472321,1,257,-11,1311,8343,10,14,13,36,6344,9,,
1712472323,2,256,-65,1263,8261,10,14,13,35,6471,9,,
1712472325,1,256,-25,1254,8267,10,14,13,35,6471,9,,
1712472328,0,233,-4,1254,8249,10,14,13,35,6471,9,,
1712472330,3,259,-84,1045,8307,10,14,13,35,6471,9,,
1712472332,0,236,-15,1184,8252,10,14,13,35,6471,9,,
1712472334,0,255,40,1218,8315,10,14,13,35,6471,9,,
1712472336,2,255,42,1207,8247,10,14,13,35,6471,9,,
1712472338,3,257,56,1271,8267,10,14,12,35,5963,10,,
1712472340,3,262,25,1187,8268,10,14,12,35,5963,10,,
1712472342,10,208,8,1153,8269,10,13,12,35,5963,8,,
1712472344,0,227,11,1214,8229,10,14,12,35,5963,10,,
1712472346,2,234,5,1257,8127,10,13,12,35,5963,8,,
1712472348,4,265,23,1176,8282,10,13,12,34,5963,8,,
1712472350,0,236,11,1252,8283,10,13,12,35,5963,8,,
1712472352,9,234,44,1113,8293,10,14,13,36,6344,9,,
1712472354,2,259,82,1082,8304,11,14,13,37,5893,9,,
1712472356,2,262,90,1070,8311,11,14,13,36,5963,9,,
1712472358,2,262,88,1044,8308,10,14,13,36,6344,9,,
1712472360,0,227,112,1136,8290,10,14,13,36,6344,9,,
1712472362,0,233,104,1116,8283,10,14,13,36,6344,9,,
1712472364,3,253,109,1139,8306,10,14,13,36,6344,9,,
1712472366,0,248,166,1131,8325,10,14,13,36,6344,9,,
1712472368,4,267,-660,232,8401,10,14,13,36,6344,9,,
1712472370,2,209,-918,341,8187,10,14,12,35,5963,10,,
1712472372,1,249,-1078,333,8397,10,13,12,35,5963,8,,
1712472374,3,253,-50,197,8550,10,13,12,34,5963,8,,
1712472376,3,250,-29,758,8406,10,13,12,34,5963,8,,
1712472378,3,249,-143,971,8267,10,13,12,34,5963,8,,
1712472380,1,250,163,987,7733,10,13,12,35,5963,8,,
1712472382,3,246,174,835,8493,10,13,12,34,5963,8,,
1712472384,0,220,328,990,8411,10,14,12,36,5963,10,,
1712472386,1,206,312,990,8482,10,13,12,34,5963,8,,
1712472388,1,253,340,1135,9003,10,13,12,34,5963,8,,
1712472390,0,224,205,1334,8004,10,13,12,35,5963,8,,
1712472392,0,226,629,547,9509,10,13,12,34,5963,8,,
1712472394,3,259,117,962,8508,9,13,12,33,6471,8,,
1712472396,5,263,-92,1125,8570,10,13,12,34,5963,8,,
1712472398,1,254,-445,250,8722,10,13,12,34,5963,8,,
1712472400,0,234,-271,533,8533,9,13,12,33,6471,8,,
1712472402,2,233,-217,508,8413,9,13,12,33,6471,8,,
1712472404,2,254,-115,444,6791,9,12,11,32,6047,7,,
1712472406,0,226,-342,478,8811,9,12,11,32,6047,7,,
1712472408,0,230,-429,487,8489,9,13,11,33,6047,9,,
1712472410,0,218,43,930,8496,9,13,11,33,6047,9,,
1712472412,0,226,-76,726,7988,9,13,12,33,6471,8,,
1712472414,3,257,107,829,8234,9,13,11,33,6047,9,,
1712472416,2,257,211,829,8682,9,12,11,32,6047,7,,
1712472418,3,266,-261,439,8631,9,12,11,32,6047,7,,
1712472420,2,261,-56,892,8159,8,12,11,31,6629,8,,
1712472422,3,253,-241,1088,8647,9,12,11,32,6047,7,,
1712472424,1,261,33,1054,8625,9,12,11,32,6047,7,,
1712472426,0,223,-16,718,7933,9,12,11,32,6047,7,,
1712472428,2,255,335,1216,8160,9,12,11,32,6047,7,,
1712472430,14,232,-39,716,8413,9,12,11,32,6047,7,,
1712472432,11,251,266,1525,8327,9,12,11,32,6047,7,,
1712472434,0,234,-1984,2241,8108,15,19,17,48,5745,12,,
1712472436,0,236,-989,1160,8717,12,15,14,39,5893,9,,
1712472438,0,235,-499,634,8362,11,14,13,37,5893,9,,
1712472440,0,231,-1658,1914,7665,12,15,14,40,5836,9,,
1712472442,3,257,737,919,7937,7,11,10,28,6833,7,,
1712472444,0,237,571,1726,8274,9,13,11,31,6153,9,,
1712472446,2,258,-195,1167,9379,9,13,11,34,6047,9,,
1712472448,0,205,-308,1331,7854,5,8,8,22,7487,5,,
1712472450,0,227,-80,1423,7652,9,13,11,33,6047,9,,
1712472452,3,254,-194,1849,8651,27,24,21,62,4161,13,,
1712472454,3,262,-1177,2099,7858,16,17,15,42,4907,10,,
1712472456,0,227,543,2112,7779,8,12,10,30,6153,9,,
1712472458,3,227,821,1395,8075,7,11,10,28,6833,7,,
1712472460,1,257,302,2097,8070,7,11,10,28,6833,7,,
1712472462,2,254,-156,2806,8001,7,11,10,28,6833,7,,
1712472464,2,234,-141,2691,8255,9,13,12,33,6471,8,,
1712472466,1,259,-66,2071,7591,10,14,12,35,5963,10,,
1712472468,2,259,320,2585,8102,10,14,13,37,6344,9,,
1712472470,2,238,326,2551,7299,10,13,12,35,5963,8,,
1712472472,1,257,189,3188,8132,17,21,18,56,5425,14,,
1712472474,1,207,591,3678,8299,9,13,12,33,6471,8,,
1712472476,2,252,757,2960,7821,12,17,15,44,6153,11,,
1712472479,0,231,541,3895,8484,9,13,12,34,6471,8,,
1712472481,3,249,620,2945,10970,9,12,11,32,6047,7,,
1712472483,1,260,1276,2172,7532,11,14,13,38,5893,9,,
1712472485,0,229,-156,1497,8791,5,7,7,18,6725,4,,
1712472487,2,235,420,1906,7463,8,11,10,29,6153,7,,
1712472489,2,229,2867,2758,8151,14,19,16,50,5745,13,,
1712472491,2,235,616,1670,6955,16,24,22,61,6629,16,,
1712472493,5,262,-735,1738,7393,23,38,34,101,7023,27,,
1712472495,1,258,2373,3489,7386,73,106,95,273,6349,74,,
1712472497,1,256,4037,4284,10471,85,115,94,307,5604,85,,
1712472499,0,231,981,532,8324,158,218,172,586,5538,166,,
1712472501,2,235,-85,1065,9936,250,268,199,763,4423,196,,
