1712470648,12,881,6760,827,1560,65535,65535,65535,65535,0,34196,,
1712470664,8,776,7939,2141,1789,65535,65535,65535,65535,0,34196,,
out shade and sun
1712470666,8,713,13830,-6140,-173,36714,32039,32990,60974,4332,14504,,
1712470668,17,677,-3293,4196,7575,19158,19212,20249,40336,5615,9283,,
1712470670,12,690,-3154,-2042,6502,17670,18553,20682,41160,6372,8409,,
1712470672,16,683,-2974,-112,7056,17493,18496,20458,40995,6357,8540,,
1712470674,11,721,-2442,-1281,10664,25043,23648,26407,50579,5607,9867,,
1712470676,13,736,-1403,-2515,8211,65535,59625,62868,65535,0,26820,,
1712470678,10,704,-643,-712,4734,44586,37918,41240,65535,0,15189,,
1712470680,5,691,1699,-4115,6864,60948,51630,54216,65535,0,22022,,
1712470682,16,679,2411,-4102,11605,65535,61923,64803,65535,0,29030,,
1712470684,14,698,128,-2967,12548,65535,61060,63886,65535,0,28339,,
1712470686,19,699,-512,-2393,11343,56758,47642,49714,65535,0,20383,,
1712470688,17,648,-2621,-2642,7134,37839,33027,35476,65535,0,13878,,
1712470690,14,663,-2149,-1575,5145,65535,63585,65535,65535,0,31118,,
1712470692,16,734,372,-2253,5909,65535,59012,62333,65535,0,26244,,
1712470694,15,723,1678,-775,7426,61719,51046,53647,65535,0,21267,,
1712470696,14,696,-2401,-802,9683,61119,50803,53280,65535,0,21346,,
1712470698,4,656,-2688,-3108,11809,30649,27561,28865,53844,4716,12424,,
1712470700,15,721,34,-749,6741,48808,41768,44131,65535,0,17779,,
1712470702,14,719,488,-2319,5414,24414,23417,25437,49241,5515,10416,,
1712470704,29,689,-2382,-3476,12426,17114,17192,20065,39612,6355,6893,,
1712470706,19,678,-3191,143,6370,17678,18874,21427,43542,6566,8368,,
1712470708,14,716,-556,2998,11313,45972,40359,43080,65535,0,17245,,
1712470710,15,719,-2856,-1638,10215,31230,28829,31580,61108,5284,12249,,
1712470712,50,698,-2849,-1470,6321,24674,24074,26487,51882,5732,10600,,
1712470714,19,707,-607,1,5657,18479,19107,22072,43649,6507,8003,,
1712470716,13,709,941,-964,9986,31371,28532,31691,61936,5274,11654,,
1712470718,13,706,-2135,-2756,10836,25195,23842,26860,52233,5675,9792,,
1712470720,13,722,-2329,-4002,8947,26338,24749,27291,52861,5468,10537,,
1712470722,10,697,-1806,-2962,6188,19960,19968,22425,44341,6058,8623,,
1712470724,11,675,-1618,-3141,3135,28809,26517,28938,56171,5234,11320,,
1712470726,20,691,-1152,-2632,4524,23606,22699,24940,49291,5603,9909,,
1712470728,20,661,-1317,-210,6081,20323,20712,22730,46159,5997,9456,,
1712470730,9,696,-4328,2929,8418,14518,16214,18570,37023,7043,7286,,
1712470732,42,697,-2328,-120,6918,14924,15804,17513,34592,6418,7281,,
1712470734,15,715,526,-2183,12487,47586,40071,43774,65535,0,15758,,
1712470736,10,720,-1676,508,9641,53154,44708,49071,65535,0,17393,,
1712470738,6,726,-190,699,9924,65535,54515,59894,65535,0,20931,,
1712470740,6,718,-688,867,5887,18556,18379,21374,40665,6303,7340,,
1712470742,7,729,-957,-182,7222,65535,64786,65535,65535,0,33013,,
1712470744,8,731,-1342,-1113,4716,65535,65535,65535,65535,0,34196,,
1712470746,7,711,1177,406,7347,65535,65535,65535,65535,0,34196,,
1712470748,5,710,113,2998,10421,63390,53325,59070,65535,0,20352,,
1712470750,6,718,1421,1795,12354,65535,65535,65535,65535,0,34196,,
1712470752,7,731,51,1721,11267,65535,65535,65535,65535,0,34196,,
1712470753,9,699,-2219,1858,9972,59808,51754,56905,65535,0,20620,,
1712470755,6,704,-1617,1676,10261,65535,65535,65535,65535,0,34196,,
1712470757,37,701,-1867,991,6851,65535,59450,62452,65535,0,26848,,
1712470759,8,708,-66,2886,5638,65535,65535,65535,65535,0,34196,,
1712470761,14,669,554,-258,7925,60867,51043,54818,65535,0,20681,,
1712470763,22,701,-1464,1048,9311,65535,59344,62840,65535,0,26396,,
1712470765,12,711,-1115,-166,8142,65535,57008,63381,65535,0,22313,,
1712470767,23,702,-1945,-770,8486,56931,45621,51260,65535,0,16005,,
1712470769,19,386,5292,-4502,4790,9131,9490,11414,22103,6885,3660,,
1712470771,9,589,2732,-4732,4673,51766,56268,54925,65535,0,31805,,
1712470773,37,434,4141,-5477,4664,6578,7774,9464,18739,7922,3207,,
1712470775,20,420,3836,-5507,4754,6740,7899,9568,18690,7906,3276,,
1712470777,0,98,-216,-6894,-1308,3176,2712,2833,4105,3695,1175,,
1712470779,3,305,-6027,2070,9278,6013,6964,8432,16104,7943,2868,,
1712470781,3,360,-1585,-157,6555,5607,6425,7698,14952,7676,2686,,
1712470783,2,323,-3167,1142,7546,5017,5499,6512,12275,7357,2284,,
1712470785,3,345,-3135,2856,6753,6208,7050,8308,15978,7544,3031,,
1712470787,3,256,-1287,390,6123,4637,5040,6085,11349,7470,1995,,
1712470789,4,430,358,628,6160,6447,7257,8675,16565,7598,3011,,
1712470791,6,457,751,-1181,12062,6721,7536,9016,17240,7561,3113,,
1712470793,4,341,-1755,2304,8986,6246,7471,9132,17730,8183,3080,,
1712470795,2,320,990,1542,5636,5105,6081,7458,14473,8169,2482,,
1712470797,2,143,110,1711,12689,3374,3729,4469,8142,7715,1519,,
1712470799,2,195,-2613,2821,5942,3586,3325,3710,5981,5574,1368,,
1712470801,3,457,-1089,1390,7592,7700,6841,7331,11277,4615,2932,,
1712470803,2,429,-518,-18,8407,7606,6730,7206,11083,4559,2878,,
1712470805,5,421,-548,513,8175,7464,6551,7003,10647,4430,2791,,
1712470807,3,442,-40,497,8365,7699,6875,7390,11517,4725,2942,,
1712470809,2,439,-261,830,8162,7702,6975,7514,11874,4919,3009,,
1712470811,20,736,1327,1082,12375,65535,65535,65535,65535,0,34196,,
1712470813,11,747,-405,343,9278,65535,65535,65535,65535,0,34196,,
1712470815,18,762,2676,1236,6354,65535,65535,65535,65535,0,34196,,
1712470817,21,749,-1,-303,13766,65535,65535,65535,65535,0,34196,,
1712470819,15,748,401,1256,7167,65535,65535,65535,65535,0,34196,,
1712470821,24,750,485,2013,9671,65535,65535,65535,65535,0,34196,,
1712470823,26,744,1678,877,6901,65535,65535,65535,65535,0,34196,,
1712470825,26,756,-1159,1526,9063,65535,65535,65535,65535,0,34196,,
1712470827,29,741,2479,-1267,9095,65535,65535,65535,65535,0,34196,,
1712470829,12,750,-506,-49,9313,65535,65535,65535,65535,0,34196,,
1712470831,14,759,1961,1164,6419,65535,65535,65535,65535,0,34196,,
1712470833,23,758,152,1175,7303,65535,65535,65535,65535,0,34196,,
1712470835,23,742,483,-459,5298,65535,65535,65535,65535,0,34196,,
1712470837,25,730,2792,-1782,11231,65535,65535,65535,65535,0,34196,,
1712470839,26,745,1190,1411,8897,65535,65535,65535,65535,0,34196,,
1712470841,11,688,3868,438,9186,65535,65535,65535,65535,0,34196,,
1712470843,8,670,-268,1902,6505,22774,22083,24614,47089,5806,9446,,
1712470845,14,709,940,-895,5968,23581,24589,27751,54769,6422,10843,,
1712470847,27,748,106,1495,9325,65535,65535,65535,65535,0,34196,,
1712470849,22,758,5503,2399,11759,65535,65535,65535,65535,0,34196,,
1712470851,24,761,-4,1695,4653,65535,65535,65535,65535,0,34196,,
1712470853,5,560,5122,1109,11246,15895,19211,23023,47079,7819,8310,,
1712470855,7,480,-492,3006,5277,9849,13292,16946,35407,8801,5379,,
1712470857,2,341,4852,3128,10566,7185,9425,12160,24709,8877,3643,,
1712470859,17,755,-320,1091,5293,65535,65535,65535,65535,0,34196,,
1712470861,18,555,3146,-675,8648,65535,65535,65535,65535,0,34196,,
1712470863,16,701,-1436,2448,7323,65535,65535,65535,65535,0,34196,,
1712470865,16,655,3804,2755,7783,65535,65535,65535,65535,0,34196,,
1712470866,15,765,294,1977,9475,65535,65535,65535,65535,0,34196,,
1712470868,4,756,485,667,5249,65535,65535,65535,65535,0,34196,,
1712470870,1,317,2150,544,9901,5250,6981,9270,18882,9087,2529,,
1712470872,0,354,405,1018,5127,5592,7283,9525,19131,8986,2708,,
1712470874,3,341,954,2961,10722,5307,6726,8666,17188,8803,2550,,
1712470876,1,186,-505,1785,4519,4113,5219,6845,13259,9122,1892,,
1712470878,1,119,1945,-743,11075,2717,3176,4077,7507,8687,1146,,
1712470880,1,114,480,1321,6634,2780,3276,4218,7965,8570,1180,,
1712470882,0,124,1666,4190,10699,2866,3388,4364,8180,8666,1222,,
1712470884,0,103,35,1553,4848,2400,2836,3722,6873,8909,972,,
1712470886,1,192,2739,1113,8917,3680,4700,6339,12353,9258,1584,,
1712470888,2,288,126,492,4205,4608,5791,7609,14870,8963,2075,,
1712470890,0,422,1396,4041,8788,6428,8248,10765,21416,8942,3052,,
1712470892,12,511,632,-641,3933,65535,65535,65535,65535,0,34196,,
1712470894,0,295,118,1538,8561,5739,6927,8910,17506,8462,2548,,
1712470896,1,196,897,532,5577,4827,5221,6467,12157,7560,1940,,
1712470898,3,188,1127,-103,9040,4589,4860,5964,11031,7385,1815,,
1712470900,3,271,-425,2398,7076,5606,6583,8358,16325,8201,2453,,
1712470902,1,285,4583,-3302,8355,5957,7259,9341,18531,8470,2686,,
1712470904,0,232,2358,1555,8692,4275,5250,6855,13262,8820,1881,,
1712470906,2,278,2668,660,5914,4877,5749,7342,14071,8407,2116,,
1712470908,1,280,4485,-902,10923,5644,7137,9279,18367,8847,2641,,
1712470910,0,196,2985,2605,6836,4290,4898,5988,11159,8035,1955,,
1712470912,3,219,2421,2402,9152,3951,4321,5155,9341,7605,1764,,
1712470914,4,193,2483,518,7787,4099,4338,5091,9116,7197,1790,,
1712470916,2,227,4335,-1213,8272,4363,4798,5755,10654,7577,1944,,
1712470918,2,333,-1113,277,7968,7101,8316,10272,20352,7926,3302,,
1712470920,2,347,550,1120,8005,7000,8263,10281,20409,8020,3244,,
1712470922,3,335,-1232,1612,7782,7072,8689,11044,22112,8403,3335,,
5872,5587,5771,11055,5062,2688,,
out under shade
1712470956,0,372,-676,-846,8327,6550,6182,6319,12165,4917,3006,,
1712470958,3,381,-979,385,10980,7003,6588,6764,13021,4928,3174,,
out under shade of white pergola
1712470971,4,344,-1500,-1752,7996,6737,6576,6951,13388,5448,3104,,
1712470975,1,367,-4,-947,7932,7038,6843,7193,13916,5371,3251,,
1712470977,3,427,-1639,3459,7971,8199,7841,7982,15461,4990,3872,,
1712470979,3,311,-2795,-3276,6436,6506,6163,6256,11926,4884,3036,,
1712470981,1,321,-1902,-1401,5580,6415,6096,6236,11998,4976,2974,,
1712470983,6,283,-3111,-1243,7989,6123,6010,6366,12314,5506,2838,,
1712470985,4,281,-2485,-862,10842,6119,6112,6681,12980,5880,2770,,
1712470987,6,254,-759,-703,6019,5583,5602,6081,11816,5864,2578,,
1712470989,5,228,-2199,-278,6747,5298,5457,6120,11985,6298,2413,,
1712470991,3,207,-2479,-2018,6767,5216,5411,6133,12057,6420,2358,,
1712470993,4,202,-2540,-1405,7684,6359,6786,7215,14683,6127,3365,,
1712470995,2,241,-4114,-237,8305,3939,4027,4396,8612,6044,1859,,
1712470997,0,306,-328,3694,8214,6208,6039,6472,12648,5517,2779,,
1712470999,1,290,-885,296,10953,6141,6064,6647,12831,5816,2712,,
1712471001,2,302,58,159,7000,6313,6360,7014,13467,6034,2855,,
1712471003,0,281,-1812,-873,6969,5985,6080,6666,12837,6055,2774,,
1712471005,4,370,-2543,1592,9310,6970,6821,7360,14207,5625,3116,,
1712471007,1,328,-1221,-756,9745,6729,6666,7191,13905,5720,3073,,
1712471009,3,351,395,2061,11868,7115,6828,7155,14023,5243,3230,,
1712471011,4,359,-139,-451,6993,6777,6533,6703,13037,5115,3205,,
1712471013,7,363,-2610,1039,6270,7062,6946,7212,14111,5363,3392,,
1712471015,6,370,-3605,1084,8644,6848,6723,6938,13488,5303,3310,,
1712471017,9,380,-1697,1527,10437,6917,6825,7038,13582,5339,3375,,
1712471019,0,367,-1723,2294,6976,6796,6774,6994,13427,5434,3366,,
1712471021,2,382,-1625,2046,6147,7034,6953,7146,13666,5330,3460,,
1712471023,2,399,1293,977,6872,7613,7546,7734,15251,5322,3778,,
1712471025,2,378,370,1957,5868,6590,6256,6314,12330,4869,3113,,
1712471027,6,346,86,561,6521,5797,5467,5518,10784,4821,2708,,
1712471029,1,336,-390,2308,6185,5450,5155,5226,10101,4870,2542,,
1712471031,3,377,-1223,2510,9842,4941,4674,4740,9039,4865,2303,,
1712471033,3,411,348,1120,11097,7137,6934,7170,14029,5236,3379,,
1712471035,4,445,-479,689,9528,7628,7398,7675,15090,5247,3582,,
1712471037,4,425,138,10,6687,7096,6707,6811,13415,4890,3297,,
1712471039,4,412,1984,-1202,7628,6973,6560,6663,13109,4856,3213,,
1712471041,3,434,718,1416,10744,7301,6885,7079,13960,4969,3315,,
1712471043,5,442,410,1846,8380,7933,7500,7592,15066,4872,3705,,
1712471045,4,457,-181,2017,6475,7996,7613,7697,15377,4918,3786,,
1712471047,4,427,1701,2311,6097,8233,7988,8248,16518,5214,3898,,
1712471049,2,399,-777,1447,8635,7873,7907,8415,16857,5692,3765,,
1712471051,3,391,-159,1145,8474,7920,8065,8744,17556,5925,3758,,
1712471053,4,397,1076,-65,7524,8540,8758,9631,19284,6082,4001,,
1712471055,4,366,-315,1083,9652,8346,8376,9202,18216,5927,3775,,
1712471057,3,357,802,200,7804,7422,7405,8131,16180,5870,3327,,
1712471058,29,351,535,-1343,5674,6018,6120,6684,13485,5958,2813,,
1712471060,2,348,1834,-999,9920,6568,6406,6640,13539,5278,3118,,
1712471062,2,357,1203,-55,9017,6385,6330,6680,13330,5536,3028,,
1712471064,3,346,1263,1583,8324,6295,6183,6514,13032,5452,2947,,
1712471066,5,361,1788,1365,8543,6748,6595,6840,13623,5302,3212,,
1712471068,5,357,1125,2207,9519,6828,6643,6838,13596,5211,3263,,
1712471070,3,357,1376,2472,9082,6727,6607,6817,13436,5302,3254,,
1712471072,3,367,471,1922,8706,6862,6692,6882,13537,5223,3297,,
1712471074,3,371,1697,1110,8873,6935,6830,7103,13947,5385,3329,,
1712471076,1,379,1405,1924,8091,7314,7191,7447,14649,5339,3524,,
1712471078,4,369,436,1241,6621,7344,7102,7251,14169,5102,3518,,
1712471080,5,352,1514,1512,8586,7027,6782,6926,13485,5087,3353,,
1712471082,2,335,1862,1649,10189,6771,6581,6779,13225,5210,3227,,
1712471084,2,316,1103,1806,9565,6502,6244,6398,12397,5074,3061,,
1712471086,3,292,3475,-279,8864,6327,6249,6590,12962,5511,2985,,
1712471088,0,275,677,-1554,5832,6025,6042,6462,12770,5730,2850,,
1712471090,1,257,1189,1405,5856,5610,5757,6271,12442,6037,2675,,
1712471092,4,223,-86,774,9766,5205,5530,6197,12355,6496,2502,,
1712471094,3,216,3548,-48,9461,4778,5357,6284,12636,7188,2304,,
1712471096,2,198,1660,-904,7543,4720,5328,6337,12863,7283,2239,,
1712471098,4,193,1002,535,9283,4467,5011,5937,12026,7220,2113,,
1712471100,2,259,1841,-44,5959,5289,5402,6061,12019,6207,2373,,
1712471102,3,261,2311,-373,9513,6427,6399,7065,13797,5920,2842,,
1712471104,11,261,2548,-260,6865,6458,6456,7098,13931,5914,2898,,
1712471106,1,266,1961,-1140,7582,6578,6568,7207,14099,5895,2956,,
1712471108,3,271,2499,2112,9877,6555,6525,7078,13942,5779,2990,,
1712471110,4,293,2025,1077,10699,6892,6785,7266,14303,5599,3153,,
1712471112,4,311,1679,613,9810,7002,6826,7218,14226,5430,3217,,
1712471114,4,336,1414,1735,10734,7326,7166,7620,15072,5495,3354,,
1712471116,2,379,1368,222,9615,10897,10055,10492,20831,4925,4653,,
1712471118,3,339,1407,1167,9694,7293,7032,7254,14445,5161,3422,,
1712471120,3,347,973,987,9478,6772,6649,6943,13887,5385,3214,,
1712471122,4,342,2438,978,8370,7050,6951,7247,14361,5409,3378,,
1712471124,3,338,759,1582,7979,6754,6684,6978,13820,5447,3249,,
1712471126,3,351,829,1541,8119,6698,6702,6991,13869,5525,3286,,
1712471128,1,356,794,1548,7673,6916,6763,6991,13820,5282,3312,,
1712471130,5,364,-62,959,8126,6838,6695,6899,13563,5269,3297,,
1712471132,4,382,-495,461,7429,6931,6659,6798,13295,5051,3284,,
1712471134,1,397,449,-78,7553,7316,7105,7279,14199,5161,3511,,
1712471136,2,396,486,-1147,5966,7478,7352,7599,14840,5326,3614,,
1712471138,5,407,2379,-545,6901,7924,7662,7790,15192,5067,3819,,
1712471140,5,407,1088,850,6476,7176,6836,6921,13468,4918,3394,,
1712471142,4,389,515,1063,7556,7520,7168,7266,14082,4930,3554,,
1712471144,5,389,832,1878,7764,7526,7124,7256,14090,4916,3490,,
1712471146,6,382,2379,1139,9671,7518,7177,7387,14366,5064,3480,,
1712471148,2,393,1360,1650,10383,7750,7340,7573,14769,5023,3526,,
1712471149,2,388,1768,2743,10168,8131,7801,8064,15712,5137,3770,,
1712471151,4,384,825,2133,8961,7842,7563,7908,15508,5264,3603,,
1712471153,4,380,667,1909,7946,7797,7597,8085,15818,5477,3542,,
1712471155,2,379,-480,2208,7585,7395,7149,7491,14572,5300,3400,,
1712471157,3,351,-834,2191,8019,6631,6396,6705,13091,5286,3034,,
1712471159,3,353,-908,1873,8071,6563,6334,6643,12971,5293,3004,,
1712471161,4,341,-1104,1556,7136,6409,6182,6483,12657,5289,2931,,
1712471163,3,349,-1073,1085,9088,6273,6045,6339,12412,5280,2865,,
1712471165,5,369,-408,102,8405,6674,6484,7031,13878,5587,2921,,
1712471167,2,467,-1429,397,9247,6259,5986,6378,12606,5340,2747,,
1712471169,2,405,-1283,248,8255,6416,6165,6636,13161,5448,2790,,
1712471171,4,399,-798,274,8222,7314,7036,7715,15325,5588,3084,,
1712471173,2,385,-1351,-305,9679,6964,6964,7817,15554,6040,3009,,
out under shade of buildings some sun
1712471175,3,572,-460,369,8556,8229,8460,9932,19570,6580,3412,,
,
1712471179,5,653,-1071,639,8636,22591,21425,24053,47424,5655,8877,,
1712471181,6,611,386,-3375,9185,14165,15335,17655,35231,6821,6683,,
1712471183,8,639,-433,1057,9630,13792,14040,15987,30317,6388,5981,,
1712471185,1,210,2023,-230,6802,5050,5413,6653,12069,7617,2034,,
1712471187,1,247,31,547,10239,4074,5596,7645,15625,9414,1914,,
1712471189,3,324,1053,1235,6756,4759,6569,8912,18281,9386,2300,,
1712471191,4,317,1885,2465,11656,22067,21741,24440,48588,5939,9263,,
1712471193,5,313,-834,-614,5721,5711,7342,9562,19619,8683,2735,,
1712471195,2,300,2429,672,9963,5744,7375,9644,19796,8688,2717,,
1712471197,2,310,898,2788,7059,5064,6932,9305,19203,9225,2486,,
1712471199,0,314,2235,-1352,8155,5153,7042,9471,19621,9183,2509,,
1712471201,2,245,-1161,1033,8333,4536,6405,8874,18301,9574,2141,,
1712471203,2,228,3291,544,8425,4097,5790,8020,16719,9467,1938,,
1712471205,4,248,-1100,742,6427,4537,6709,9349,19551,9767,2273,,
1712471207,4,253,-1615,-541,9335,48051712471213,6,290,-292,-2301,6233,6141,9019,12640,26071,9893,2990,,
1712471215,4,298,1511,-876,8619,6393,9083,12353,25642,9485,3219,,
1712471217,6,354,2787,745,9257,6934,9754,12939,26982,9277,3674,,
1712471219,7,342,2255,227,7387,7078,9407,12742,25834,9210,3223,,
1712471221,2,311,724,364,10676,6315,8149,10822,21791,8960,2891,,
1712471223,4,254,2963,-1795,6003,4846,6193,8225,16503,8915,2181,,
1712471225,6,327,3894,1675,9591,9010,11726,15623,31540,9017,4148,,
1712471227,7,296,-200,2,4809,10114,12916,17199,34799,8849,4514,,
1712471229,7,315,5243,452,11895,8362,11640,16124,33035,9539,3856,,
1712471231,7,291,1362,-451,8548,8138,11437,15877,32511,9622,3789,,
1712471233,9,265,378,-1233,4724,7464,10761,15038,30842,9815,3555,,
1712471235,5,319,5304,1030,10258,8096,11389,15729,32197,9615,3835,,
1712471237,6,301,2174,2161,7116,7395,10624,14789,30296,9789,3543,,
1712471239,3,298,3596,-1232,7444,7575,10756,14926,30556,9700,3593,,
1712471240,8,295,1488,-107,7615,7699,10752,14712,30132,9521,3703,,
1712471242,7,317,3980,-1706,6480,8030,11053,15059,30776,9420,3816,,
1712471244,11,186,4066,2037,6926,3552,5292,7364,15359,9844,1809,,
1712471246,2,217,-1178,-213,9629,3472,5191,7256,15127,9887,1755,,
1712471248,4,272,2778,336,10591,4447,6628,9260,19359,9832,2240,,
1712471250,1,299,1818,206,5387,4898,7386,10295,21498,9919,2532,,
1712471252,7,291,3361,-1358,7689,5763,8566,12051,24833,10002,2829,,
1712471254,2,321,964,1575,8166,5577,8310,11453,23994,9766,2923,,
1712471256,2,296,-1211,-711,4949,5762,8544,11850,24647,9832,2941,,
1712471258,3,334,3877,860,10173,6022,8665,11843,24538,9613,3053,,
1712471260,1,254,978,44,5543,6029,8099,10781,22100,9115,2935,,
1712471262,4,272,1737,441,6197,7168,9688,12671,26401,8941,3690,,
1712471264,2,343,897,-52,5745,9211,11903,15228,31746,8517,4651,,
1712471266,6,393,1865,-40,5403,11289,14173,17799,37153,8212,5677,,
1712471268,8,494,2996,764,7778,12706,15594,19420,40256,8051,6274,,
1712471270,6,425,4305,567,7161,11172,14105,18052,37234,8427,5423,,
1712471272,6,382,2104,-440,9539,9194,11589,14880,31001,8357,4415,,
1712471274,1,311,1396,-390,5939,7306,8109,9386,20856,6686,3557,,
1712471276,0,225,4382,-2,9005,5732,7137,8974,19075,8041,2835,,
1712471278,2,320,2833,1370,8645,5752,7727,9985,21281,8661,3020,,
1712471280,0,257,3605,-625,6983,6182,8427,11240,23556,9027,3067,,
1712471282,4,265,1007,-2169,8059,5637,7835,10428,22013,9089,2904,,
1712471284,4,292,3467,262,4635,6339,8943,11872,25219,9125,3368,,
1712471286,1,286,1360,2685,10125,6247,8463,11259,23307,9085,3089,,
1712471288,2,211,2468,174,7785,4500,6138,8048,17031,8881,2336,,
1712471290,1,254,2569,657,9159,4874,6816,9105,19165,9172,2511,,
1712471292,8,302,4707,1121,5708,6104,8729,11492,24447,9175,3384,,
1712471294,6,737,3982,553,8649,65535,65535,65535,65535,0,34196,,
1712471296,5,726,1513,1212,8525,65535,65535,65535,65535,0,34196,,
1712471298,4,743,1867,-2132,8730,65535,65535,65535,65535,0,34196,,
1712471300,20,735,1376,-1682,7610,65535,65535,65535,65535,0,34196,,
1712471302,4,720,-224,-385,7701,65535,65535,65535,65535,0,34196,,
17124713041712471310,3,732,753,-910,8408,65535,65535,65535,65535,0,34196,,
1712471312,4,728,703,-484,8214,65535,65535,65535,65535,0,34196,,
1712471314,5,725,437,-383,9030,65535,65535,65535,65535,0,34196,,
1712471316,3,727,849,-55,7826,65535,62277,65535,65535,0,29053,,
1712471318,5,728,-26,-298,8474,65535,65535,65535,65535,0,34196,,
1712471319,3,721,5,822,7658,65535,64453,65535,65535,0,32488,,
1712471321,2,719,-371,-244,8839,65535,65535,65535,65535,0,34196,,
1712471323,10,709,-937,226,7873,25141,22832,26492,51350,5579,8485,,
1712471325,3,708,-925,-435,8836,57707,48314,53789,65535,0,18153,,
1712471327,4,716,-479,-975,8443,65535,63530,65535,65535,0,31031,,
1712471329,3,706,-875,-1142,9183,65535,56343,62288,65535,0,22064,,
1712471331,4,705,-1223,-1087,8136,28303,25328,29672,56961,5545,9070,,
1712471333,4,692,-2124,-563,7313,13308,14478,17406,33826,7248,5791,,
1712471335,6,690,-1955,-736,7966,18643,18344,21760,40378,6456,6974,,
1712471337,4,712,-133,-613,7585,31816,27986,32080,60030,5264,10363,,
out 0833 no shade yellow tunnel
1712471339,4,689,-2153,-1034,7562,65535,65535,65535,65535,0,34196,,
1712471341,5,685,-2637,-1981,8475,14940,15377,18709,36625,6844,5726,,
1712471343,7,737,515,-328,9828,65535,65535,65535,65535,0,34196,,
1712471345,22,726,-355,-1756,10323,65535,65535,65535,65535,0,34196,,
1712471347,18,732,-1416,1663,7039,65535,65535,65535,65535,0,34196,,
1712471349,17,752,381,2614,9475,65535,65535,65535,65535,0,34196,,
1712471351,22,755,-270,2741,7550,65535,65535,65535,65535,0,34196,,
1712471353,7,360,-1311,166,7939,7545,10692,14257,29864,9305,3991,,
out 0834 above is wrong some shade yellow tunnel
1712471373,8,430,1836,7,8060,10306,13189,17160,35135,8661,4911,,
10599,13398,17480,35729,8594,4912,,
1712471377,9,378,1705,1239,6788,15345,17500,21765,44031,7633,6709,,
1712471379,13,684,-4116,-245,8209,28494,29029,33378,65535,0,12137,,
1712471381,7,350,-1193,-27,10064,7567,11212,15674,32420,9915,3768,,
1712471383,6,293,651,1392,7054,6514,9807,14005,28784,10170,3113,,
1712471385,6,273,-1551,35,7368,7033,10506,14894,30617,10090,3397,,
1712471387,0,272,-2609,41,9652,7228,10776,15261,31385,10068,3492,,
1712471389,4,262,-1765,-689,11204,6178,9003,12825,26264,9973,2817,,
1712471391,6,246,-1982,-1233,8566,5338,7934,11429,23401,10151,2424,,
1712471393,4,262,-968,18,9552,5433,7637,10675,21860,9648,2476,,
1712471395,2,249,-2080,677,8185,5563,8041,11287,23133,9856,2624,,
1712471397,2,583,1515,-1946,10424,12048,12534,14768,29775,6628,5062,,
1712471399,0,239,-287,337,7049,5967,7910,10547,22116,8826,2828,,
1712471401,1,168,-378,389,8765,6385,8613,11372,23971,8864,3198,,
1712471403,0,123,1507,1794,7852,3866,3630,3788,9124,5094,1701,,
1712471405,0,122,2137,1160,7459,3827,3589,3658,8911,4966,1744,,
1712471407,1,152,75,-3002,8606,3867,3467,3536,8620,4741,1628,,
1712471409,1,116,-1330,-6912,4295,3678,3179,3051,7799,4290,1590,,
1712471411,1,107,-1782,-7362,3492,3382,2576,2008,5928,2985,1498,,
1712471413,1,108,-1664,-7308,3456,3375,2566,1994,5902,2970,1494,,
1712471415,1,163,-269,-5320,7251,3648,3087,2899,7482,4091,1566,,
1712471417,3,306,1252,851,8483,10088,12531,16400,33502,8481,4500,,
1712471418,5,338,2854,-389,7293,20824,20813,25413,50501,6594,7489,,
1712471420,4,345,-2965,1082,8201,14669,15889,19901,40059,7306,5750,,
1712471422,8,310,-525,-375,6118,7349,9678,13184,26930,9095,3240,,
1712471424,7,216,-1033,-1153,6675,4600,6442,9071,18600,9632,2035,,
1712471426,8,176,-1551,-3822,8078,3644,5349,7713,15700,10136,1614,,
1712471428,4,357,2415,-5207,2711,5321,7771,10506,22015,9561,2848,,
1712471430,14,312,-1824,1170,7673,6433,8864,12182,24856,9477,2986,,
1712471432,5,649,-999,3776,7284,12389,16428,19379,42007,8066,7723,,
1712471434,4,674,-2933,2844,7206,7657,10944,14298,30341,9168,4322,,
1712471436,1,336,-2016,2266,7930,5720,8411,11484,23891,9721,3013,,
1712471438,2,329,-3516,2028,7390,5764,8641,11793,24644,9807,3135,,
1712471440,3,304,-824,1904,8096,5581,8006,11066,22861,9661,2725,,
1712471442,0,250,-1646,366,8149,5019,7110,9925,20396,9662,2328,,
1712471444,2,244,-1832,130,8053,4784,7110,10023,20709,9976,2333,,
1712471446,3,246,-2261,74,7669,4808,7271,10229,21226,10041,2428,,
1712471448,2,244,-1964,140,7867,4788,7192,10159,21023,10038,2361,,
1712471450,15,245,-2507,-795,8148,4894,7416,10448,21706,10045,2469,,
1712471452,0,263,-1328,1371,8149,out 0835 underneath dark green shade
5640,7712,10576,21553,9424,2600,,
1712471454,6,491,-30,-774,10033,1712471458,7,278,-2333,-107,8300,10943,10564,12257,24437,5998,4150,,
1712471460,12,719,2129,2249,6236,27989,24816,28018,54992,5208,9575,,
1712471462,5,364,2445,866,8945,8369,10035,12997,25853,8352,3609,,
1712471464,19,693,1150,883,8052,64399,54873,58904,65535,0,22589,,
1712471466,0,188,801,1042,10420,5155,5998,7342,14182,7979,2419,,
1712471468,1,119,2663,-1195,7458,3172,3816,5024,9761,8648,1316,,
1712471470,2,177,-315,666,8349,3294,4288,5712,11288,9222,1517,,
1712471472,1,142,-2132,-481,8010,2558,3510,4730,9445,9598,1247,,
1712471474,2,135,-2238,-1215,8248,2551,3436,4576,9183,9346,1245,,
1712471476,0,180,-713,1415,8018,3684,4669,6204,12227,9012,1632,,
1712471478,0,174,-1550,1229,8263,3716,4562,5888,11369,8771,1684,,
1712471480,2,340,1421,-1836,8309,6954,8750,11682,23347,8851,3002,,
1712471482,6,434,742,-427,9726,65535,65535,65535,65535,0,34196,,
1712471484,3,619,1695,316,10706,9788,11861,15405,30992,8368,4268,,
1712471486,1,645,1907,2293,6693,22645,22397,24842,50040,5858,9816,,
1712471488,1,664,598,2374,10195,18307,18352,20553,42122,5996,7979,,
1712471490,1,632,701,1624,8173,16458,17218,19081,39764,6204,7867,,
1712471492,3,585,-301,437,8289,13895,14958,17328,35528,6727,6415,,
1712471494,4,580,-76,-137,8130,13892,14998,17492,35781,6797,6359,,
1712471496,0,672,-3149,425,8745,17249,20623,22935,47128,7282,10164,,
1712471498,7,493,-2124,-916,8758,11008,12489,15141,30938,7400,5056,,
1712471500,1,511,-376,-1351,8833,10944,12307,14885,30373,7326,4977,,
1712471502,2,503,-648,-1167,8466,12067,13201,15738,32011,7048,5399,,
1712471504,1,485,-658,-2008,8815,10777,12024,14556,29585,7290,4825,,
1712471506,4,466,-777,-1012,7841,9638,11002,13506,27453,7543,4350,,
out dont use above
1712471508,3,491,-255,-2035,8637,11399,12835,15609,31716,7387,5133,,
1712471510,2,445,-752,-1852,7700,9497,11268,14069,28712,7907,4404,,
out 0839 underneath green sail by building
1712471704,1,273,-620,1817,8191,4814,7032,9712,20134,9750,2427,,
1712471708,1,144,2334,2657,8608,3819,5055,6458,13108,8915,2012,,
1712471709,2,329,1706,-706,7573,5597,6790,8932,17313,8736,2362,,
1712471711,1,322,-953,87,7089,7140,9080,11729,23708,8683,3428,,
1712471713,3,137,410,-2145,8449,4944,6354,8521,17066,9020,2187,,
1712471715,3,123,1230,-126,7258,5062,7079,9298,19303,9241,2724,,
1712471717,7,172,656,-2840,8121,4456,6085,7989,16473,9127,2310,,
1712471719,3,249,2530,744,9181,7075,8890,11766,23285,8884,3123,,
1712471721,7,222,972,-2574,7711,6285,8338,10868,22170,8976,3165,,
1712471723,2,219,895,490,8543,6123,7705,10101,20311,8714,2780,,
1712471725,0,204,395,-238,8621,6011,7496,9856,19739,8689,2666,,
1712471727,10,187,1405,-2561,6467,5847,8093,10487,21735,9128,3199,,
1712471729,2,207,1167,-1758,8209,6531,8564,11476,23089,9134,2997,,
1712471731,2,175,290,-2214,8128,6094,8643,11243,23582,9208,3434,,
1712471733,3,219,555,178,8275,6257,7959,10679,21406,8934,2714,,
1712471735,4,235,865,164,8430,6609,8296,11063,22085,8836,2851,,
1712471737,4,213,501,-394,8333,6052,7920,10661,21508,9111,2732,,
1712471739,2,214,508,-457,8431,6060,7920,10656,21491,9102,2734,,
1712471741,4,257,800,674,8221,6993,8636,11431,22705,8711,2993,,
1712471743,3,260,821,436,7904,6991,8691,11525,22931,8760,3012,,
1712471745,3,219,599,363,8836,6080,8477,10979,23060,9055,3370,,
1712471747,8,214,499,-1796,7550,6133,8130,10959,22193,9181,2820,,
1712471749,3,201,328,-1514,8310,5920,7898,10684,21589,9267,2724,,
1712471751,5,200,354,-385,8360,5807,7642,10355,20866,9195,2597,,
1712471753,2,208,489,-158,8532,5851,7675,10393,20932,9171,2607,,
1712471755,0,273,1996,370,8070,7275,9188,12194,24238,8900,3215,,
1712471757,4,247,1436,-37,8443,6823,8814,11805,23640,9057,3056,,
1712471759,0,248,1545,-9,8274,6841,8853,11862,23771,9066,3070,,
1712471761,5,255,1511,325,8219,6905,8824,11799,23570,8986,3049,,
1712471763,2,253,1594,170,8366,6930,8910,11919,23842,9024,3089,,
1712471765,2,247,1500,156,8206,6831,8818,11813,23664,9049,3054,,
1712471767,4,243,1368,-16,8232,6735,8703,11670,23386,9058,3008,,
1712471769,2,244,1466,-117,8310,6714,8736,11725,23538,9100,3027,,
1712471771,3,258,1478,-265,7016,6864,8874,11882,23808,9057,3081,,
1712471773,0,237,1296,35,8205,6575,8572,11522,23152,9113,2962,,
1712471775,5,234,1250,-94,8245,6556,8565,11515,23154,9124,2962,,
1712471777,5,241,1451,-117,8284,6773,8825,11837,23776,9103,3066,,
1712471779,6,251,1517,-272,8328,6742,8776,11771,23647,9094,3047,,
1712471781,6,246,1633,-157,8190,6801,8897,11934,23999,9124,3100,,
1712471783,5,242,1585,-178,8044,6742,8881,11923,24015,9167,3102,,
1712471785,0,240,1491,-143,8234,6690,8770,11773,23692,9137,3053,,
1712471787,2,287,3520,506,8871,6909,8963,11993,24072,9064,3126,,
1712471789,4,236,1282,-110,8379,6679,8699,11678,23472,9098,3014,,
1712471791,4,233,1148,-282,8260,6448,8478,11411,22999,9157,2936,,
1712471793,4,219,2239,1055,9123,6332,8378,11284,22778,9194,2908,,
1712471795,6,156,-649,-2872,7213,6405,8140,10826,21642,8910,2844,,
1712471797,4,299,9,1703,6917,7555,9140,11799,23156,8510,3337,,
1712471799,10,321,1352,2208,7409,7386,9064,11852,23411,8644,3233,,
1712471801,6,273,846,858,8185,6841,8559,11395,22680,8827,2948,,
1712471803,6,265,989,1080,8214,6731,8484,11319,22566,8883,2921,,
1712471805,6,230,428,663,8308,6433,8115,10872,21691,8902,2762,,
1712471807,6,251,965,691,8223,6621,8392,11236,22446,8926,2872,,
1712471809,3,271,1559,1004,8434,7113,9012,12001,23947,8907,3131,,
1712471811,2,266,2662,1695,8109,7997,9345,12226,25567,7887,3205,,
1712471813,0,153,-649,374,7786,3712,4675,6276,12313,9051,1580,,
1712471814,0,132,-2923,-303,6933,3131,4090,5484,10803,9313,1425,,
1712471816,0,141,-1880,-477,7409,3108,4154,5648,11227,9469,1413,,
1712471818,0,183,-1699,-1447,8029,3676,4948,6724,13430,9475,1694,,
1712471820,2,297,902,-2096,12353,4726,6352,8767,17547,9505,2074,,
1712471850,5,416,-1075,2319,7497,6999,9714,13400,26984,9688,3252,,
1712471852,6,399,-2672,1948,7668,6861,9469,12871,25967,9567,3297,,
outside on field 0842
1712471854,9,732,-1692,1130,8134,12036,12961,17035,34097,7561,4081,,
1712471858,7,566,1287,1927,7206,19705,19240,23706,48281,6418,6619,,
1712471860,357,708,-2240,-452,8785,10939,13499,17755,35518,8617,4759,,
1712471862,347,722,-1982,2607,9856,11499,13914,18492,37081,8495,4693,,
1712471864,352,697,-1694,1346,6627,24883,23969,28784,55559,6274,8686,,
1712471866,342,697,-2493,446,8565,14107,16123,20338,39780,7925,5982,,
1712471868,340,688,-598,3849,9736,14836,16879,21081,40907,7876,6395,,
1712471870,347,703,-2220,3320,7778,12865,15437,19696,38589,8390,5772,,
1712471872,341,710,-1848,2577,7680,13686,15920,20037,38808,8127,6019,,
1712471874,362,709,-580,1935,9205,65535,65535,65535,65535,0,34196,,
1712471876,330,717,-989,422,7632,65535,57470,64059,65535,0,22546,,
1712471878,343,736,-636,-1106,8226,10347,11646,14443,28101,7726,4451,,
1712471880,358,745,-8,-1412,8306,1712470636,1,713,-2374,1182,7708,18601,19357,23142,45260,6820,7575,,
1712470638,7,745,-2870,-3759,6038,65535,65535,65535,65535,0,34196,,
1712470640,4,607,-924,1411,7603,40335,35001,39191,65535,0,13465,,
1712470642,3,514,134,-1831,7459,16892,17184,22226,44334,7064,5371,,
1712470644,2,440,1163,127,10149,9005,11925,16343,32515,9420,3936,,
1712470646,3,697,1683,48,9103,8845,11711,16170,32200,9441,3777,,
1712470648,3,469,1094,-232,6324,11653,13601,18111,35927,8302,4428,,
1712470650,3,488,947,309,8011,10171,12931,17260,33927,9084,4475,,
1712470652,1,471,1047,1869,8329,10019,12765,17088,33609,9111,4388,,
1712470654,2,511,3570,852,9023,10111,13021,17434,34280,9205,4509,,
1712470656,2,489,2988,241,8491,9338,12151,16467,32518,9304,4094,,
1712470658,0,586,-202,-532,8616,22052,20852,25738,50740,6272,6914,,
1712470660,4,714,-1233,1558,7414,44031,39767,43485,65535,0,16644,,
1712470662,11,744,1751,1197,9602,65535,65535,65535,65535,0,34196,,
1712470664,23,760,1327,2281,7304,65535,65535,65535,65535,0,34196,,
1712470666,20,766,-321,459,7257,65535,65535,65535,65535,0,34196,,
1712470668,22,754,1014,1635,9942,65535,65535,65535,65535,0,34196,,
1712470670,25,750,-212,1798,8611,65535,65535,65535,65535,0,34196,,
1712470672,12,753,5186,-952,12461,65535,65535,65535,65535,0,34196,,
1712470674,16,743,837,1387,6495,65535,65535,65535,65535,0,34196,,
1712470676,27,752,1468,1473,8867,65535,65535,65535,65535,0,34196,,
1712470678,24,763,3066,1493,10645,65535,65535,65535,65535,0,34196,,
1712470680,25,743,3281,-1040,11127,65535,65535,65535,65535,0,34196,,
1712470682,24,752,3118,247,9120,65535,65535,65535,65535,0,34196,,
1712470684,27,745,947,-650,7120,65535,65535,65535,65535,0,34196,,
1712470686,25,749,420,2994,6871,65535,65535,65535,65535,0,34196,,
1712470688,23,754,1095,1613,9174,65535,65535,65535,65535,0,34196,,
1712470690,25,735,2632,1106,7409,24952,26277,31571,61594,6958,10266,,
1712470692,25,732,2558,689,7724,65535,65535,65535,65535,0,34196,,
1712470694,23,728,2575,386,7965,65535,65535,65535,65535,0,34196,,
1712470696,26,727,2567,332,7994,65535,65535,65535,65535,0,34196,,
1712470698,26,731,605,129,7618,65535,65535,65535,65535,0,34196,,
1712470700,29,726,1252,21,8210,65535,65535,65535,65535,0,34196,,
1712470702,27,727,1453,-23,8205,65535,65535,65535,65535,0,34196,,
1712470704,26,723,1285,-338,8084,65535,65535,65535,65535,0,34196,,
1712470706,28,726,1567,-39,8371,65535,65535,65535,65535,0,34196,,
1712470708,23,750,395,2232,7044,65535,65535,65535,65535,0,34196,,
1712470710,26,756,-85,2872,8407,65535,65535,65535,65535,0,34196,,
1712470712,28,740,933,1649,10102,65535,65535,65535,65535,0,34196,,
1712470714,28,726,707,-1833,6580,65535,65535,65535,65535,0,34196,,
1712470716,30,777,1916,218,7815,65535,65535,65535,65535,0,34196,,
1712470718,28,743,869,234,6905,65535,65535,65535,65535,0,34196,,
1712470720,18,739,-545,833,7065,65535,65535,65535,65535,0,34196,,
1712470722,2,736,338,105,9293,65535,65535,65535,65535,0,34196,,
1712470724,1,738,389,130,8332,65535,65535,65535,65535,0,34196,,
1712470726,3,740,282,-146,8173,65535,65535,65535,65535,0,34196,,
1712470728,4,737,345,-202,8414,65535,65535,65535,65535,0,34196,,
1712470730,2,740,72,615,8673,14410,16637,21463,42643,8036,5872,,
1712470732,5,625,314,442,7702,65535,65535,65535,65535,0,34196,,
1712470734,2,566,1897,742,10711,25014,21421,26884,52934,5681,6012,,
1712470736,4,605,-833,-1385,6764,25917,22107,27503,55365,5582,6349,,
1712470738,4,593,-141,-797,9602,38849,34291,40272,65535,0,12035,,
1712470740,7,561,862,-17,10727,65535,65286,65535,65535,0,33803,,
1712470742,5,586,492,-511,6889,65535,65535,65535,65535,0,34196,,
1712470744,6,637,133,-83,8642,65535,65535,65535,65535,0,34196,,
1712470746,6,572,144,-677,10922,65535,65535,65535,65535,0,34196,,
1712470748,8,612,85,-802,6684,65535,65535,65535,65535,0,34196,,
1712470750,1,658,-640,-639,8264,65535,65535,65535,65535,0,34196,,
1712470752,6,603,1210,-4080,11833,65535,65535,65535,65535,0,34196,,
1712470754,6,598,-157,694,6513,65535,65535,65535,65535,0,34196,,
1712470756,5,609,-29,118,9030,65535,65535,65535,65535,0,34196,,
1712470758,7,615,1871,-1381,7026,65535,65535,65535,65535,0,34196,,
1712470759,7,623,-792,-938,8916,65535,65535,65535,65535,0,34196,,
1712470761,4,641,-217,198,6243,65535,65535,65535,65535,0,34196,,
1712470763,6,625,515,603,10930,65535,65535,65535,65535,0,34196,,
1712470765,5,645,-1052,-1624,6656,63274,56278,65105,65535,0,20633,,
1712470767,4,661,1553,6,10931,65535,65535,65535,65535,0,34196,,
1712470769,4,663,361,421,9486,65535,65535,65535,65535,0,34196,,
1712470771,5,726,-251,-318,5967,65535,65535,65535,65535,0,34196,,
17124707731712470775,4,728,-2019,-623,4944,65535,65535,65535,65535,0,34196,,
1712470777,2,726,1982,988,10365,65535,65535,65535,65535,0,34196,,
1712470779,3,721,595,1433,7316,65535,65535,65535,65535,0,34196,,
1712470781,0,731,2538,-3480,11664,65535,65535,65535,65535,0,34196,,
1712470783,7,722,718,889,8381,65535,65535,65535,65535,0,34196,,
1712470785,3,655,3110,3710,8684,13476,15305,19193,36129,8084,5734,,
1712470787,0,634,2505,1143,8128,13159,14884,18734,35376,8048,5508,,
1712470789,2,720,3906,1035,9838,22451,21861,25225,47418,6128,8753,,
1712470791,0,722,1692,-660,7939,65504,54541,59399,65535,0,21344,,
1712470793,0,741,3296,824,10030,65535,65535,65535,65535,0,34196,,
1712470795,1,756,836,524,7089,65535,65535,65535,65535,0,34196,,
1712470797,0,752,2983,-897,7513,14891,17062,21463,42048,7920,6386,,
1712470799,2,757,1861,-924,7244,55603,65535,65535,65535,0,37420,,
1712470801,4,749,2748,-724,8983,65535,65535,65535,65535,0,34196,,
1712470803,20,752,-1011,30,6712,65535,65535,65535,65535,0,34196,,
1712470805,19,749,-1089,1835,7494,65535,65535,65535,65535,0,34196,,
1712470807,19,731,-3415,1463,7384,59615,49663,52926,65535,0,20294,,
1712470809,16,733,-2946,1098,7652,65256,53954,56972,65535,0,22274,,
1712470811,19,741,-1993,424,7832,65535,65535,65535,65535,0,34196,,
1712470813,18,738,-2480,526,7518,25537,22728,26099,50049,5361,8480,,
1712470815,22,750,-993,695,8171,65535,65535,65535,65535,0,34196,,
1712470817,18,749,-1440,109,8784,65535,65535,65535,65535,0,34196,,
1712470819,26,746,-1220,237,8182,65535,65535,65535,65535,0,34196,,
1712470821,21,740,-2026,-130,7883,65535,65535,65535,65535,0,34196,,
outside playground full sun 0846
1712470825,24,744,0,-1056,8754,65535,65535,65535,65535,0,34196,,
1712470827,20,750,514,1850,7814,65535,65535,65535,65535,0,34196,,
1712470829,24,767,4938,-532,7348,65535,65535,65535,65535,0,34196,,
1712470831,26,741,1108,-601,10764,65535,65535,65535,65535,0,34196,,
1712470833,25,737,-84,134,2271,65535,65535,65535,65535,0,34196,,
1712470835,22,723,-1084,164,7872,65535,65535,65535,65535,0,34196,,
1712470837,23,740,-1336,1461,11001,65535,65535,65535,65535,0,34196,,
1712470839,15,746,3522,-3439,15248,65535,65535,65535,65535,0,34196,,
1712470841,7,624,-650,641,6427,65535,65535,65535,65535,0,34196,,
1712470843,9,591,1252,-200,11730,45862,49008,51990,65535,0,24411,,
1712470845,2,292,737,499,11921,7012,9403,12939,26153,9373,3094,,
1712470847,3,360,4682,-1952,13217,65535,62224,65535,65535,0,28970,,
1712470849,3,682,1334,1110,9711,65535,65535,65535,65535,0,34196,,
1712470851,9,215,3195,-1600,9797,43270,37406,39529,65535,0,16060,,
1712470853,6,298,1800,-29,6526,5462,5849,7004,13072,7268,2332,,
1712470855,4,653,144,1349,5658,26465,21692,24822,48007,4753,7478,,
1712470857,3,684,667,-1857,9241,32871,29560,33411,61593,5331,11530,,
1712470859,1,713,38,-1319,6166,12637,14957,19366,38115,8321,5330,,
1712470861,1,491,783,-925,7216,11475,13642,17776,34686,8457,4796,,
1712470863,4,721,-39,295,7925,16876,16779,21054,41262,6768,5594,,
1712470865,4,479,201,-133,8558,9826,12188,16055,31386,8860,4296,,
1712470867,14,732,2934,989,7974,10538,12758,16623,32565,8580,4549,,
1712470869,12,659,1502,1169,7212,65535,65535,65535,65535,0,34196,,
1712470871,26,731,3781,-840,9275,11326,13747,17793,35650,8393,4997,,
1712470873,7,526,-1675,1156,9706,65535,65535,65535,65535,0,34196,,
1712470875,5,752,-1484,930,8504,65535,65535,65535,65535,0,34196,,
1712470877,6,742,-1536,507,8909,65535,65535,65535,65535,0,34196,,
1712470879,17,694,-650,357,9181,65535,62080,65535,65535,0,28742,,
1712470881,0,297,170,1446,8946,6627,8919,12335,24754,9495,2897,,
1712470883,3,315,-735,548,9870,5401,7345,10162,20005,9793,2401,,
1712470885,2,724,-401,1156,8583,65535,65535,65535,65535,0,34196,,
1712470887,3,463,3562,-571,8738,26798,21223,23297,43964,4184,7746,,
1712470889,0,119,2889,-3113,8681,3982,3995,4821,8552,6920,1484,,
1712470891,2,155,-1474,1701,8240,3676,3763,4477,7811,7080,1469,,
1712470893,16,126,-3371,-730,7109,2800,2899,3512,6223,7278,1096,,
1712470895,13,203,1283,4165,8504,3432,3682,4605,8339,7766,1326,,
1712470897,2,140,-711,795,9012,3180,3256,4005,7087,7292,1175,,
1712470898,6,136,-932,-43,8154,3434,3611,4470,8041,7526,1312,,
1712470900,1,157,-508,560,8249,3437,3550,4359,7768,7332,1296,,
1712470902,2,139,-844,173,8323,3366,3463,4252,7562,7301,1261,,
1712470904,0,136,-943,-262,8183,3357,3455,4238,7537,7297,1261,,
1712470906,0,159,-533,1101,8172,3368,3471,4258,7579,7308,1268,,
1712470908,9,149,-434,827,8353,3516,3648,4479,7992,7370,1338,,
1712470910,6,140,-584,194,8358,3432,3538,4341,7728,7311,1292,,
1712470912,0,137,-644,-107,8334,3459,3570,4378,7802,7314,1307,,
1712470914,0,136,-675,-220,8368,3446,3553,4353,7754,7299,1303,,
1712470916,0,160,39,956,8443,3613,3759,4615,8259,7383,1382,,
1712470918,2,178,142,2010,8160,3820,3994,4866,8713,7370,1502,,
1712470920,0,173,0,1870,8137,3763,3931,4798,8575,7385,1471,,
1712470922,2,167,-60,1502,8226,3731,3896,4766,8513,7402,1449,,
1712470924,4,127,-2220,-574,4841,3277,3483,4353,7889,7663,1247,,
1712470926,4,151,-2507,872,8138,3845,3914,4704,8207,7107,1486,,
1712470928,3,153,-1059,708,6563,4766,5123,6259,11554,7504,1957,,
1712470930,1,130,-2992,-472,5670,3607,3828,4687,8430,7537,1440,,
1712470932,11,135,-1128,-395,8231,3440,3466,4186,7341,7017,1290,,
1712470934,0,133,-229,-1125,8339,3130,3307,4037,7186,7526,1248,,
1712470936,1,224,1949,1704,10645,3244,3372,4098,7251,7351,1269,,
1712470938,1,149,-116,-127,8372,3332,3501,4275,7637,7450,1315,,
1712470940,2,142,-12,-384,8732,3134,3297,4028,7174,7483,1238,,
1712470942,1,156,666,-799,9416,3416,3576,4346,7830,7332,1354,,
1712470944,1,143,-201,-571,8430,3104,3252,3965,7053,7432,1223,,
1712470946,4,136,-316,-702,8359,3001,3137,3836,6823,7431,1169,,
1712470948,3,162,329,-1039,6154,3052,3139,3813,6723,7254,1172,,
1712470950,1,156,455,-868,8335,3422,3563,4316,7722,7286,1353,,
1712470952,2,150,383,-876,8350,3379,3501,4239,7567,7245,1326,,
1712470954,1,232,5557,1004,18689,3481,3637,4428,7897,7378,1369,,
1712470956,4,437,-1458,1448,5564,11727,12609,15562,30327,7305,4704,,
1712470958,4,346,-648,745,8609,9159,9629,11304,21336,6910,3951,,
1712470960,5,842,2793,-4374,4447,45455,48271,49715,61221,8936,25045,,
1712470962,0,719,-2988,-2434,10597,16583,17730,21430,41215,7182,6915,,
1712470964,0,558,-1168,-348,8398,11855,13726,17456,33785,8152,5039,,
1712470966,8,597,-257,1858,8317,12457,14344,18232,35293,8101,5251,,
1712470968,2,593,-345,1647,8246,12382,14299,18230,35300,8141,5206,,
1712470970,5,621,-793,377,8563,19219,18107,22807,44785,6385,5647,,
1712470972,3,625,-869,793,9098,40484,39953,45792,65535,0,16401,,
1712470974,3,623,-1531,1658,7680,24433,21434,26433,52075,5733,6551,,
1712470976,2,611,-3864,588,7480,57946,61071,64930,65535,0,30056,,
1712470978,3,624,-1446,503,8907,27033,23428,28445,55590,5550,7382,,
1712470980,5,613,-1911,116,8150,65535,65535,65535,65535,0,34196,,
1712470982,7,616,-1805,188,7870,34984,33036,37105,65535,0,13627,,
1712470984,4,615,-2061,826,8193,56552,56753,63712,65535,0,24585,,
1712470986,6,620,-2133,756,8090,65535,65535,65535,65535,0,34196,,
1712470988,4,619,-1836,1316,8157,42823,42049,45603,65535,0,19088,,
1712470990,5,614,-2172,1069,9538,65535,65535,65535,65535,0,34196,,
1712470992,6,615,-2756,275,8402,65535,65535,65535,65535,0,34196,,
1712470994,3,614,-1914,829,8327,65535,65535,65535,65535,0,34196,,
1712470996,3,615,-2225,731,7947,65535,65535,65535,65535,0,34196,,
1712470998,2,628,-1068,794,8411,24827,21802,26796,52648,5720,6739,,
1712471000,36,643,-993,1040,8204,25428,21948,27094,53466,5626,6556,,
1712471002,6,630,-1162,1051,8258,25671,21972,27200,54015,5582,6437,,
1712471004,2,620,-1237,528,8781,25671,21896,26924,53008,5520,6519,,
out full sun shade from trees and buildings 
1712471006,4,580,-1167,309,8672,28698,23669,28626,55980,5184,7089,,
1712471008,4,607,380,27,11643,30234,24975,30805,60467,5325,7057,,
1712471010,1,659,4869,5877,8732,14391,15914,19710,37796,7647,6020,,
1712471012,4,721,1112,-39,5679,17330,17885,21578,40909,6924,6809,,
1712471014,3,720,-281,898,4895,21613,21049,24643,46464,6232,8169,,
1712471016,1,654,-1177,-286,5254,18435,18677,22154,41485,6685,7279,,
1712471018,2,660,-1484,-343,5234,60403,56905,61905,65535,0,24897,,
1712471020,1,684,-837,-483,7613,22943,20927,24696,46823,5754,7506,,
1712471022,1,666,-1380,-799,7929,22907,20571,25219,49165,5871,6573,,
1712471024,2,745,-744,465,7622,19558,19111,23661,46157,6563,6496,,
1712471026,2,733,502,2160,6788,18915,17361,20329,40668,5693,6382,,
1712471028,2,734,-369,672,6947,14082,15330,18707,35458,7474,5932,,
1712471030,3,742,-1169,-1453,10517,43444,47952,51016,65535,0,24242,,
1712471032,3,584,-1231,-3467,10764,28839,32115,36405,65535,0,14681,,
1712471034,7,512,-1139,-305,7558,12601,14213,18139,35021,7964,5066,,
1712471036,2,739,-494,2526,4618,12418,13854,17545,34363,7740,4993,,
1712471038,1,638,2565,1120,8540,13959,15652,19597,38115,7754,5829,,
1712471040,1,723,1129,475,8173,13542,15345,19191,37447,7817,5777,,
1712471042,2,719,1573,-330,8093,14794,16263,20249,39224,7575,6045,,
1712471044,2,666,-412,1416,8401,25143,26619,29256,55495,6466,12438,,
1712471046,4,643,-970,1150,9945,30882,25666,29805,60679,4973,8669,,
1712471048,5,665,-1721,413,8871,39280,31851,35212,65535,0,11748,,
1712471050,2,667,-996,780,6065,62609,52677,53060,65535,0,23982,,
1712471052,7,669,-947,1770,5502,65535,62672,65102,65535,0,29994,,
1712471054,6,677,-1626,1707,5036,44602,37032,37987,65535,0,16166,,
1712471056,2,655,-2018,2201,5421,35683,28852,28691,48778,3221,12955,,
1712471058,1,651,-3078,3828,6071,45336,36940,36795,64496,3398,16655,,
1712471060,5,702,-3693,996,7888,18587,16510,17602,31603,4734,7141,,
1712471062,1,696,-4963,3005,8330,19696,18826,20850,38025,5688,8059,,
1712471064,3,670,-1226,1125,12421,47753,40140,42906,65535,0,16448,,
1712471066,3,690,-3018,-1551,7686,35093,28587,29824,52823,3840,11899,,
1712471068,2,685,-2207,-465,5165,39349,32249,34239,62972,4114,13065,,
1712471070,5,708,-3519,-1010,5348,65535,65535,65535,65535,0,34196,,
1712471071,2,694,-2130,-262,7419,29248,26518,28474,52742,4982,11519,,
1712471073,4,681,-3781,2499,10913,23767,22664,24972,46670,5603,9778,,
1712471075,8,705,-1671,815,9992,35788,30485,31965,57585,4258,13102,,
1712471077,0,647,450,1678,10504,20706,18170,18542,30491,4062,8385,,
1712471079,0,651,-115,1108,8360,19861,17219,17393,27377,3711,7999,,
1712471081,0,639,598,366,9913,20259,17674,17924,28419,3840,8200,,
1712471083,1,659,-647,67,8724,19886,17538,17883,28671,4039,8136,,
1712471085,1,652,-948,530,8205,19864,17640,18048,29136,4161,8183,,
1712471087,2,677,2160,454,9592,23382,20082,20658,34309,3976,8985,,
1712471089,8,676,-403,671,10494,22685,21335,23320,38520,5493,9241,,
1712471091,1,682,-738,155,8029,22321,20493,22032,35252,5054,8973,,
1712471093,0,679,-1054,-189,8397,22174,20551,22211,35801,5219,8981,,
1712471095,0,681,-478,-1340,8377,21367,20353,22374,36968,5692,8811,,
1712471097,2,643,-572,393,7223,out 0851 shade from trees
19768,17144,17743,28077,4010,7655,,
1712471099,0,265,958,-217,7914,1712471101out 0851 shade from trees
,8,261,472,-542,8341,4912,4208,4297,5955,3216,1902,,
1712471103,3,252,540,-550,8256,4533,3907,3989,5461,3225,1775,,
1712471107,1,212,1422,483,8153,3753,3253,3337,4546,3347,1473,,
1712471109,4,145,684,2287,8387,2282,2063,2204,3197,4710,902,,
1712471111,0,127,-32,3641,7129,2270,2038,2161,3072,4474,898,,
1712471113,1,185,120,425,10740,3074,2797,3073,4679,5196,1167,,
1712471115,2,274,-1007,1927,7385,4992,4852,5549,9118,6345,1976,,
1712471117,3,510,652,2555,6998,8674,8685,9933,17261,6511,3621,,
1712471119,0,432,-1253,376,8647,8671,9923,12379,23227,8145,3786,,
1712471121,3,377,63,-143,6851,7426,8632,10914,20152,8510,3225,,
1712471123,0,428,-947,1632,6742,7899,8054,9387,15968,6965,3277,,
1712471125,0,451,-1241,1316,9925,8154,8178,9502,15947,6800,3306,,
1712471127,1,467,-1131,728,8595,9100,9172,10696,18113,6856,3693,,
1712471129,2,427,-2928,-35,5817,8803,8866,10374,17526,6889,3543,,
1712471131,0,459,-3784,301,8798,8787,8863,10317,17466,6849,3585,,
1712471133,1,463,-1698,563,7798,11872,11471,13119,22752,6147,4649,,
1712471135,1,473,-700,1831,5466,9345,9542,11194,19190,7007,3833,,
1712471137,2,421,-928,-278,8389,8989,9194,10913,18582,7165,3605,,
1712471139,3,324,-1192,2307,5598,7468,7685,9131,15426,7285,3022,,
1712471141,0,288,-544,1790,8526,7631,8112,9718,17104,7503,3213,,
1712471143,3,280,-222,1720,8524,6422,6603,7889,13189,7384,2562,,
1712471145,2,298,1068,292,9613,6302,6530,7836,13241,7458,2525,,
1712471147,0,294,204,1321,8193,6646,6913,8293,14044,7489,2683,,
1712471149,0,309,2723,-1168,8436,6830,7083,8453,14300,7411,2775,,
1712471151,0,291,1027,1334,10461,6982,7288,8728,14748,7529,2848,,
1712471153,1,268,565,2109,9774,6704,6871,8156,13468,7351,2699,,
1712471155,0,263,-403,1790,7553,6224,6595,8004,13435,7881,2530,,
1712471157,1,277,882,2520,8137,6165,6319,7520,12296,7434,2468,,
1712471159,0,290,-26,1360,8226,7192,7431,8937,14986,7489,2852,,
1712471161,2,290,10,1255,8187,7215,7464,8987,15089,7507,2860,,
1712471163,1,300,-175,1179,8257,7216,7485,9036,15207,7550,2857,,
1712471165,0,453,1245,1911,6883,8247,8945,11046,19762,7861,3356,,
1712471167,0,481,132,1908,9896,8330,9150,11280,20596,7846,3481,,
1712471169,1,471,490,1250,8444,8280,9033,11034,20047,7741,3493,,
1712471171,0,470,500,1365,8278,8263,8983,10947,19855,7698,3483,,
1712471173,4,470,483,1257,8228,8253,8978,10946,19863,7705,3479,,
1712471175,0,471,421,1368,8210,8250,8994,10980,19941,7732,3481,,
1712471177,0,476,-1131,2723,7884,7992,8595,10481,19053,7580,3300,,
1712471179,0,477,-1683,2033,8393,8253,8615,10230,18258,7166,3430,,
1712471181,0,640,520,-123,7548,11599,11708,13400,23985,6511,4906,,
1712471183,0,617,-772,1476,4596,11158,11032,12298,21738,6109,4788,,
1712471185,0,411,-1399,2571,6725,8147,8092,9085,15834,6251,3477,,
1712471187,0,515,-1870,1797,7355,7870,7925,9013,15960,6464,3356,,
1712471189,0,553,-275,1509,8965,9626,9608,10825,19274,6279,4116,,
1712471191,0,647,-856,-614,9855,12512,11866,13040,22154,5613,5122,,
1712471193,0,643,-474,1130,5420,34900,31000,34287,63398,5059,12503,,
1712471195,0,648,1935,1366,9107,30363,25091,27978,52991,4600,9267,,
1712471197,2,653,767,933,8297,12953,13090,15158,27025,6633,5361,,
1712471199,0,653,1037,666,8222,13057,13061,15042,26668,6502,5366,,
1712471201,0,653,1044,530,7993,13123,13109,15080,26721,6480,5393,,
1712471203,15,646,-1139,566,7715,12939,13031,15080,26801,6603,5329,,
1712471205,0,651,1518,230,8394,13065,13057,15015,26605,6482,5377,,
1712471207,3,647,897,469,8202,13212,13168,15129,26761,6452,5421,,
1712471209,1,633,1422,121,8359,13269,13222,15190,26867,6449,5443,,
1712471211,2,644,633,-20,8433,13254,13241,15263,27009,6502,5425,,
1712471213,4,646,1271,-254,8186,out 0852 full sun walking on crosswalk
13449,13363,15340,27099,6417,5497,,
1712471214,0,650,1277,6,8278,out 0852 full sun walking on crosswalk
1712471218,0,650,1439,-79,8198,13193,13120,15163,26935,6468,5327,,
1712471222,0,692,2521,-2149,6579,13564,13496,15677,27841,6517,5423,,
1712471224,7,709,-524,-4602,5267,65535,65535,65535,65535,0,34196,,
1712471226,3,565,-2769,-1099,3895,65535,65535,65535,65535,0,34196,,
1712471228,3,588,-2946,-1075,5435,65535,65535,65535,65535,0,34196,,
1712471230,2,687,-651,-1894,5516,19964,23661,27202,47454,8532,10954,,
1712471232,5,427,-190,-2627,5522,8784,11632,15459,30751,9288,4193,,
1712471234,5,415,-863,-2889,8173,8628,11944,16001,32567,9441,4339,,
1712471236,5,401,-5433,-3663,6858,8405,11035,14384,29353,8893,4160,,
1712471238,4,559,-3370,-1608,6477,65535,65535,65535,65535,0,34196,,
1712471240,3,567,-1661,-517,5182,65535,65535,65535,65535,0,34196,,
1712471242,6,563,-677,-3524,6622,9866,12586,16444,32576,8938,4626,,
1712471244,6,658,-4074,-2690,9423,65535,65535,65535,65535,0,34196,,
1712471246,4,538,-3547,-831,5191,65535,65535,65535,65535,0,34196,,
1712471248,3,555,-3320,-1268,4749,65535,65535,65535,65535,0,34196,,
1712471250,7,597,-290,-882,7531,65535,65535,65535,65535,0,34196,,
1712471252,8,525,-927,-725,11663,65535,65535,65535,65535,0,34196,,
1712471254,5,396,-3214,-553,9676,17174,21027,23755,48242,7631,10226,,
1712471256,5,417,-2078,-279,6292,14600,18658,22339,45364,8309,8359,,
1712471258,6,373,-1363,-2705,4365,15218,19573,23394,46762,8477,8830,,
1712471260,4,361,-3642,1892,10786,7994,11106,15324,30794,9720,3718,,
1712471262,8,664,-3002,-1797,5478,7900,11414,15968,32721,9844,3763,,
1712471264,12,705,431,-1477,7957,8541,12292,16978,34969,9715,4202,,
1712471266,7,525,-4027,-1964,10400,65535,65535,65535,65535,0,34196,,
1712471268,11,587,-3643,-1506,4440,65535,65535,65535,65535,0,34196,,
1712471270,17,546,-887,-2850,5692,65535,65535,65535,65535,0,34196,,
1712471272,9,593,-4326,-3574,9378,65535,65535,65535,65535,0,34196,,
1712471274,11,586,-5139,-2580,7378,65535,65535,65535,65535,0,34196,,
1712471276,9,568,-1959,-3493,7739,10947,15421,19847,42010,9034,6259,,
1712471278,8,642,-2669,-3444,10044,65535,65535,65535,65535,0,34196,,
1712471280,5,517,-1501,-507,10175,8771,10714,13708,26663,8617,4030,,
1712471282,7,445,226,-985,6759,65535,65535,65535,65535,0,34196,,
1712471284,6,456,682,109,7352,13487,17262,22101,44545,8716,6691,,
1712471286,9,648,2889,-5002,7992,65535,65535,65535,65535,0,34196,,
1712471288,6,666,-1236,-949,10730,65535,65535,65535,65535,0,34196,,
1712471290,9,716,-1240,-2822,7631,65535,65535,65535,65535,0,34196,,
1712471292,7,719,-326,-4750,5202,65535,65535,65535,65535,0,34196,,
1712471294,7,624,4263,-1088,5864,65535,65535,65535,65535,0,34196,,
1712471296,7,553,4883,-3829,8639,65535,65535,65535,65535,0,34196,,
1712471298,8,648,5336,-4759,6687,65535,65535,65535,65535,0,34196,,
1712471300,9,643,6791,-4359,7576,65535,65535,65535,65535,0,34196,,
1712471302,8,557,3189,-6051,5206,64002,65535,65535,65535,0,34693,,
1712471304,10,486,2841,-2428,4665,61646,65535,65535,65535,0,35458,,
1712471306,10,527,2349,-2700,7549,65535,65535,65535,65535,0,34196,,
1712471308,10,606,1492,-3602,6481,65535,65535,65535,65535,0,34196,,
1712471310,8,568,2071,-3965,6179,65535,65535,65535,65535,0,34196,,
1712471312,8,584,1855,-3880,6313,65535,65535,65535,65535,0,34196,,
1712471314,8,552,2042,-2328,7812,65535,65535,65535,65535,0,34196,,
1712471316,9,579,1876,-3472,4663,65535,65535,65535,65535,0,34196,,
1712471318,8,620,2488,-3177,5477,65535,65535,65535,65535,0,34196,,
1712471320,8,607,3344,-1290,4261,65535,65535,65535,65535,0,34196,,
1712471322,8,490,3259,-3160,4584,65535,65535,65535,65535,0,34196,,
1712471324,7,637,3785,-3566,4494,65535,65535,65535,65535,0,34196,,
1712471326,6,620,3840,-4351,4705,65535,65535,65535,65535,0,34196,,
1712471328,9,615,3965,-2912,5994,65535,65535,65535,65535,0,34196,,
1712471330,4,652,4253,-3667,3864,65535,65535,65535,65535,0,34196,,
1712471332,3,645,3780,-664,5064,65535,65535,65535,65535,0,34196,,
1712471334,9,708,1366,-2149,7571,65535,65535,65535,65535,0,34196,,
1712471336,6,682,2194,-12,6498,15025,15926,17863,34632,6563,7184,,
1712471338,5,321,-1200,-116,6916,13888,12899,16045,30990,6232,4107,,
1712471340,1,411,-3040,3745,5495,7511,9863,13685,26884,9537,3112,,
1712471342,0,390,-1699,3291,6941,8350,10507,14380,28235,9128,3348,,
1712471344,0,390,-2454,550,8476,8447,11027,15208,30021,9412,3531,,
1712471346,6,657,-2016,-258,9596,65535,65535,65535,65535,0,34196,,
1712471348,6,690,-1253,1036,10670,65535,65535,65535,65535,0,34196,,
1712471350,9,689,-1215,-700,11849,65535,65535,65535,65535,0,34196,,
1712471352,6,680,-2928,1385,9465,57158,49075,55258,65535,0,18457,,
1712471354,8,697,-1208,-340,10417,65535,64255,65535,65535,0,32175,,
1712471356,5,310,-1414,1206,9471,8355,11654,16473,33333,9762,3625,,
1712471358,3,473,1581,1115,8073,8258,11600,15811,32304,9577,4055,,
17124713601712471364,2,426,-1223,2448,7904,8798,12503,17286,35056,9799,4226,,
1712471366,3,427,2909,899,9134,8699,12379,17247,34920,9855,4091,,
1712471368,6,482,-1102,1619,6963,65535,65535,65535,65535,0,34196,,
1712471370,7,549,-755,4669,9426,60374,52496,57798,65535,0,20954,,
1712471372,3,708,1894,3508,8224,53826,48524,54486,65535,0,19234,,
1712471374,9,719,-145,4167,7301,65535,65535,65535,65535,0,34196,,
1712471376,5,482,-1460,2267,5889,16857,18007,23002,45659,7378,6113,,
1712471378,2,476,-522,2351,7073,20464,18707,24304,48656,6321,5094,,
1712471380,0,356,1470,489,4904,9271,12004,16326,32472,9208,3987,,
1712471382,4,353,2031,2203,12063,8184,10635,14532,28975,9234,3492,,
1712471384,4,375,-478,2877,9517,8206,10512,14252,28310,9121,3496,,
1712471386,0,385,-674,1013,10331,18697,17837,22390,45359,6381,5695,,
1712471388,6,395,-2278,2816,7969,11281,13329,17276,33964,8321,4731,,
1712471390,5,458,-428,2565,5727,43041,35994,40406,65535,0,13264,,
1712471392,7,534,278,-842,7173,42590,37946,43271,65535,0,14395,,
1712471394,3,382,-2471,2960,11497,40222,36250,40833,65535,0,14271,,
1712471396,5,342,-705,2092,8653,9367,12409,17283,35241,9244,3895,,
1712471398,7,671,-1661,-816,5509,65535,65535,65535,65535,0,34196,,
1712471400,6,441,394,2271,6340,59675,50774,60234,65535,0,16680,,
1712471402,3,331,-276,2268,9762,65535,65535,65535,65535,0,34196,,
1712471404,8,441,-1425,1385,10480,65535,65535,65535,65535,0,34196,,
1712471406,6,615,-1868,574,6461,65535,65535,65535,65535,0,34196,,
1712471408,8,693,443,-3045,8475,65535,65535,65535,65535,0,34196,,
1712471410,6,486,-819,1365,10324,39315,35526,40300,65535,0,13813,,
1712471412,6,417,-351,186,9479,31623,28036,34694,65535,0,8591,,
1712471414,5,473,117,-936,5314,27344,23561,28301,54517,5444,7596,,
1712471415,3,503,3906,-945,9776,28245,27304,31909,64306,6038,10571,,
1712471417,9,432,875,2252,10203,26309,23927,28070,53421,5684,8679,,
1712471419,0,429,-887,1623,6828,41877,36248,41664,65535,0,13122,,
1712471421,2,443,2702,-1850,8297,51714,44028,48742,65535,0,17028,,
1712471423,4,432,726,274,10955,50230,44920,48645,65535,0,18988,,
1712471425,4,406,-1486,1254,6808,17156,17473,21311,43879,6623,6411,,
17124714271712471479,0,282,1620,-211,8045,6459,7373,7787,17284,6379,3840,,
out 0857 inside tunnel 2 artificial lights
1712471481,1,33,3358,-2956,7607,2579,2690,2789,6048,5709,1367,,
1712471483,1,10,1219,-1054,9643,138,125,128,262,4686,58,,
1712471485,0,1,-496,173,9506,37,35,34,80,4724,18,,
1712471487,0,2,1755,-1422,7287,37,33,33,73,4508,15,,
1712471489,0,2,-433,-2292,6562,32,28,28,63,4439,13,,
1712471491,0,0,1166,1293,9484,46,42,45,96,5064,18,,
1712471493,1,2,473,621,8923,60,59,66,140,5802,25,,
1712471495,0,3,915,140,7786,205,215,268,550,6965,76,,
1712471497,0,8,239,-2287,8232,361,414,548,1127,7910,135,,
1712471499,3,38,1571,-313,6940,1225,1521,1997,3937,8779,541,,
1712471501,1,12,918,-119,7094,384,382,435,972,5920,159,,
1712471503,0,1,1574,-1895,6717,65,66,69,149,5582,32,,
1712471505,3,1,1726,-651,9032,47,43,45,95,4918,19,,
1712471507,0,2,1085,613,9834,54,47,48,99,4412,21,,
1712471509,0,2,1595,-87,10804,62,54,57,115,4623,23,,
1712471511,0,5,1332,-435,10064,85,76,83,170,5042,31,,
1712471513,1,6,1479,-889,9990,172,164,183,381,5607,69,,
1712471515,0,8,577,567,8472,307,289,303,641,5115,134,,
1712471517,1,29,3208,69,9009,884,911,989,1961,6046,427,,
1712471519,2,9,1071,-461,8177,379,344,370,706,5016,149,,
1712471521,5,13,1193,-574,8351,351,316,337,644,4889,138,,
1712471523,0,9,1237,-576,8259,340,305,324,620,4833,133,,
1712471525,0,7,2202,425,8096,214,194,204,407,4860,87,,
1712471527,0,4,869,-1018,9709,104,95,99,208,4878,43,,
1712471529,2,0,1284,1,8473,51,45,47,101,4693,20,,
1712471531,1,0,1063,-1291,8614,37,33,33,73,4508,15,,
1712471532,0,1,654,-397,8296,36,32,33,72,4681,14,,
1712471534,3,0,853,-357,8276,35,31,32,70,4656,14,,
1712471536,0,1,1265,-1073,8987,42,37,38,82,4591,16,,
1712471538,1,3,1579,-1100,9159,48,42,45,94,4792,17,,
1712471540,0,0,1184,-156,8215,52,47,50,106,4955,20,,
1712471542,8,2,1189,-550,8340,55,50,53,111,4962,22,,
1712471544,2,15,1116,-486,8404,51,46,49,103,4947,20,,
1712471546,0,3,1040,-304,8388,50,45,48,101,4938,19,,
1712471548,1,1,2362,1575,8259,50,45,48,102,4947,19,,
1712471550,0,4,1440,-713,7478,42,38,41,89,5054,16,,
1712471552,0,2,2422,-270,7201,68,66,76,163,5878,26,,
1712471554,3,2,1270,627,8168,127,127,153,324,6352,47,,
1712471556,0,3,1293,381,8172,158,160,195,408,6530,58,,
1712471558,4,4,1421,235,8225,158,160,196,409,6566,57,,
1712471560,1,4,1413,337,8233,163,165,202,422,6564,59,,
1712471562,0,5,1362,394,8201,157,158,193,404,6507,57,,
1712471564,0,3,1336,351,8238,156,158,192,403,6507,58,,
1712471566,0,3,1339,466,8299,152,153,187,392,6508,55,,
1712471568,1,2,1315,278,8234,158,159,194,407,6494,57,,
1712471570,0,4,1291,463,8235,158,160,196,409,6566,57,,
1712471572,0,5,1272,369,8157,156,157,192,401,6519,56,,
1712471574,1,4,1361,461,8203,161,163,200,418,6576,58,,
1712471576,1,3,1317,349,8206,160,162,198,414,6554,58,,
1712471578,2,2,1407,152,8327,166,168,206,430,6573,60,,
1712471580,0,7,854,-759,6143,290,329,422,868,7666,116,,
1712471582,1,21,989,-1016,4300,514,651,879,1794,8775,217,,
1712471584,3,24,-115,1805,8743,373,412,471,1079,6511,184,,
1712471586,3,1,-2264,1291,7059,47,49,52,115,5815,24,,
1712471588,0,1,-1712,-76,7479,26,26,26,62,5201,13,,
1712471590,0,4,-1585,620,7080,23,21,21,50,4724,10,,
1712471592,0,2,-1717,546,7931,24,22,21,51,4486,11,,
1712471594,2,4,-2024,-404,8528,39,36,35,82,4591,18,,
1712471596,0,8,-1355,404,8564,287,234,173,626,3484,149,,
1712471598,5,17,-1383,1001,8520,279,260,268,555,4927,123,,
1712471600,0,25,-1342,-518,8314,656,595,643,1247,5052,255,,
1712471602,2,14,-813,-782,8037,660,608,670,1300,5312,254,,
1712471604,0,3,-2976,-602,9735,212,217,228,466,5722,106,,
1712471606,0,1,-1285,349,10637,45,46,45,103,5201,25,,
1712471608,3,5,-1138,-1215,11341,22,20,19,48,4486,10,,
1712471610,0,2,-1598,1213,9293,20,19,18,45,4656,10,,
1712471612,3,4,-1530,-120,8937,22,22,21,52,4962,12,,
1712471614,1,1,-1039,821,8189,32,32,33,77,5374,15,,
1712471616,1,2,-2020,776,7951,36,37,39,89,5658,18,,
1712471618,0,2,-2004,586,8205,36,38,39,89,5677,19,,
1712471620,3,2,-2074,495,8055,36,38,39,90,5658,19,,
1712471622,1,1,-2123,549,8015,36,38,39,89,5677,19,,
1712471624,0,2,-2126,496,8052,36,38,39,89,5677,19,,
1712471626,2,4,-2251,405,8083,36,38,39,89,5677,19,,
1712471628,0,5,-1100,-121,8266,37,38,39,90,5505,19,,
1712471630,0,4,-1258,436,7852,78,81,96,207,6471,32,,
1712471632,1,7,-2750,1902,6875,159,181,223,463,7438,70,,
1712471634,0,16,-3131,-1443,11284,826,1030,1359,2723,8702,362,,
1712471636,1,3,-2995,-523,8540,84,95,101,226,6337,48,,
1712471638,0,1,-4013,-251,9248,32,33,34,79,5547,16,,
1712471640,1,3,-755,-1281,6009,24,22,21,52,4528,11,,
1712471642,0,0,-2398,-1289,6862,24,22,21,51,4486,11,,
1712471644,0,4,-2284,-894,8972,40,37,36,84,4614,19,,
1712471646,0,6,-1131,-756,10191,243,219,197,522,4199,122,,
1712471648,2,8,-864,-435,10957,148,153,131,327,4526,97,,
1712471649,0,3,1028,-705,7499,32,30,28,68,4475,16,,
1712471651,0,1,-1045,-1917,7247,32,28,29,65,4629,12,,
1712471653,0,2,-1347,-465,9149,22,21,21,51,4962,10,,
1712471655,1,3,3121,-1701,12421,53,53,60,131,5941,22,,
1712471657,0,10,-1308,-757,8585,157,164,203,417,6886,59,,
1712471659,0,90,-553,-277,10188,1712471685,4,619,1327,1715,8411,out 0900 shade walking on crosswalk
12928,13681,16589,30872,7262,5254,,
1712471687,4,628,-127,1600,8621,out 0900 shade walking on crosswalk
1712471691,3,616,1404,1172,9455,11982,12070,14294,25402,6799,4698,,
12355,12255,14400,25365,6609,4792,,
1712471695,1,713,601,1081,9841,13637,13736,16278,28957,6800,5339,,
1712471697,1,736,3145,-3683,8722,24948,24755,28853,50541,6560,9855,,
1712471699,0,733,1740,434,9527,65535,65535,65535,65535,0,34196,,
1712471701,3,729,2840,-2276,7659,65535,65535,65535,65535,0,34196,,
1712471703,4,731,2784,-1050,9814,65535,65535,65535,65535,0,34196,,
1712471705,3,684,2708,-1381,10519,65535,65535,65535,65535,0,34196,,
1712471707,2,665,1276,-802,8411,65535,65535,65535,65535,0,34196,,
1712471709,2,723,1259,-1407,7914,65535,65535,65535,65535,0,34196,,
1712471711,1,726,1224,-1048,8311,65535,65535,65535,65535,0,34196,,
1712471713,1,634,152,-2145,8748,65535,65535,65535,65535,0,34196,,
1712471715,1,597,1311,-1503,7293,12498,13033,16034,28880,7389,4777,,
1712471717,2,710,-3999,918,9310,46716,39007,42502,65535,0,15293,,
1712471719,1,577,-3058,857,6923,26805,23805,27059,49102,5278,9065,,
1712471721,5,465,818,1199,7671,11017,12237,15582,28783,8104,4333,,
1712471723,0,427,-1525,-238,11305,10050,11941,15673,29743,8718,4113,,
1712471725,4,409,-2294,-421,5799,9139,11379,15311,29519,9130,3786,,
1712471727,7,394,78,-1998,7473,9049,11415,15442,29947,9213,3777,,
1712471729,6,727,-2337,197,9371,65535,65535,65535,65535,0,34196,,
1712471731,5,392,-971,-823,6587,37886,35637,41514,65535,0,13563,,
1712471733,6,364,-825,1139,9462,8741,11675,16240,32307,9551,3703,,
1712471735,7,338,-1400,-1494,9462,7625,10551,14815,29607,9818,3334,,
1712471737,6,513,490,59,7067,10158,12392,16353,32400,8618,4292,,
1712471739,5,369,-1960,-361,10103,8750,11420,15723,31083,9388,3676,,
1712471741,4,368,-1952,-290,8265,9511,12124,16583,32552,9235,3911,,
1712471743,3,373,-1530,362,6265,9538,12123,16568,32425,9237,3911,,
1712471745,2,415,-2345,1384,10823,10247,12712,17198,33387,9060,4150,,
1712471747,1,437,-1639,73,7364,10670,13120,17642,34202,8966,4331,,
1712471749,2,718,929,-608,7174,65535,65535,65535,65535,0,34196,,
1712471751,5,714,-2203,789,10302,65535,65535,65535,65535,0,34196,,
1712471753,1,662,-1249,172,8414,65535,55626,61326,65535,0,21636,,
1712471755,2,440,-579,1336,6249,10292,11997,15700,29829,8517,4103,,
1712471757,7,479,-924,538,10182,9610,11091,14351,27394,8325,3882,,
1712471759,9,535,-38,1251,7773,9336,10621,13631,26060,8137,3756,,
1712471761,10,599,-1346,89,8201,9881,10977,13937,26586,7875,3917,,
1712471763,5,566,-1403,295,8220,9819,10907,13837,26360,7878,3900,,
1712471765,7,645,-1610,-274,6739,21585,20700,24154,44957,6103,7985,,
1712471766,3,714,-2081,349,8765,21180,20412,23408,42575,6052,8208,,
1712471768,3,716,-237,-803,7757,49651,42811,47468,65535,0,16709,,
1712471770,5,738,-1367,799,8508,65535,65535,65535,65535,0,34196,,
1712471772,4,733,-620,1055,9475,65535,65535,65535,65535,0,34196,,
1712471774,5,750,-735,633,7254,65535,65535,65535,65535,0,34196,,
1712471776,8,748,2164,-771,12053,65535,65535,65535,65535,0,34196,,
1712471778,37,753,1321,-277,7639,65535,65535,65535,65535,0,34196,,
1712471780,9,752,2348,-392,9099,65535,65535,65535,65535,0,34196,,
1712471782,5,749,400,-31,8594,65535,65535,65535,65535,0,34196,,
1712471784,8,747,-58,-811,8105,65535,65535,65535,65535,0,34196,,
1712471786,2,745,-363,-921,8363,65535,65535,65535,65535,0,34196,,
1712471788,8,735,-1365,-2099,7644,1712471796,4,757,562,-1014,8879,out 0902 full sun walking on crosswalk
65535,65535,65535,65535,0,34196,,
1712471798,8,756,691,-488,9891,1712471800,10,752,2528,95,10236,out 0902 full sun walking on crosswalk
65535,65535,65535,65535,0,34196,,
1712471802,9,756,1843,-1285,8866,7378,9896,13583,26926,9568,3282,,
1712471806,4,523,2367,-67,8038,7313,9705,13327,26289,9536,3189,,
out 0902 full sun walking on crosswalk
1712471808,7,356,2207,-675,7843,5979,8272,11543,23014,9820,2666,,
65535,65535,65535,65535,0,34196,,
1712471812,8,756,496,-724,8347,65535,65535,65535,65535,0,34196,,
1712471814,9,736,1209,-2773,12663,65535,65535,65535,65535,0,34196,,
1712471816,12,728,-1079,-1258,5816,65535,65535,65535,65535,0,34196,,
1712471818,10,732,-1617,-2255,9088,65535,65535,65535,65535,0,34196,,
1712471820,12,733,-2609,-1852,9809,65535,65535,65535,65535,0,34196,,
17124718221712471828,9,756,2800,-3088,8517,65535,65535,65535,65535,0,34196,,
1712471830,8,755,-514,-3283,4940,65535,65535,65535,65535,0,34196,,
1712471832,9,695,-2450,605,6589,65535,65535,65535,65535,0,34196,,
1712471834,6,696,-2031,4283,9379,19767,21269,25238,49952,6997,8680,,
1712471836,5,732,-284,1539,4726,64355,55384,62552,65535,0,20740,,
1712471838,3,735,-740,2035,10672,15076,17174,21637,42612,7849,6376,,
1712471840,6,732,-270,1036,6268,15357,17406,21584,42718,7687,6689,,
1712471842,7,726,-742,2204,9666,14523,16715,21044,41754,7884,6265,,
1712471844,3,555,-436,319,6714,9198,12101,16612,33610,9208,3955,,
1712471846,6,395,-441,1643,10706,7059,10063,14354,29382,9824,3085,,
1712471848,9,675,-622,-141,6592,8711,11434,15789,31973,9207,3662,,
1712471850,4,585,-3801,2701,9580,15720,17296,21246,41724,7428,6645,,
1712471852,14,722,-729,839,6162,16367,18164,22066,43640,7396,7205,,
1712471854,6,709,-3337,2225,9737,19127,19839,23427,46280,6680,7957,,
1712471856,7,695,-3340,1448,8613,18620,18780,22038,42877,6460,7466,,
1712471858,2,708,-1281,-388,7831,20450,20422,23204,44173,6200,8610,,
1712471860,9,734,-1188,-70,9224,15752,17191,20828,40707,7298,6775,,
1712471862,6,666,550,689,7281,15227,16647,20622,40265,7456,6238,,
1712471864,3,723,-2584,691,8528,14123,15703,19204,37886,7464,6144,,
1712471866,10,706,-775,-1235,5851,65535,65535,65535,65535,0,34196,,
1712471868,12,754,-707,-1854,9246,13644,16543,21130,42635,8266,6216,,
1712471870,12,742,-831,-373,6198,65535,65535,65535,65535,0,34196,,
1712471872,9,736,338,-1399,7435,14266,16371,20490,40824,7802,6211,,
1712471874,10,723,-339,-424,11295,65535,65535,65535,65535,0,34196,,
1712471876,7,671,-166,991,6207,65535,65535,65535,65535,0,34196,,
1712471878,8,731,-2970,-1366,8240,65535,65535,65535,65535,0,34196,,
1712471880,14,730,-3077,529,9510,65535,65535,65535,65535,0,34196,,
1712471882,9,650,-1294,-2450,7023,65535,65535,65535,65535,0,34196,,
1712471884,7,665,-3454,684,10062,65535,65535,65535,65535,0,34196,,
1712471886,8,610,-884,613,5457,65535,65535,65535,65535,0,34196,,
1712471888,7,662,-2897,-1108,9486,65535,65535,65535,65535,0,34196,,
1712471890,8,673,-1521,3050,8517,40484,34590,37979,65535,0,13655,,
1712471892,4,694,-1749,-266,5925,48911,41985,45848,65535,0,16831,,
1712471894,6,651,-1666,530,10546,65535,65535,65535,65535,0,34196,,
1712471896,3,656,-1578,696,8113,65535,65535,65535,65535,0,34196,,
1712471898,8,659,-2384,-876,6861,65535,65535,65535,65535,0,34196,,
1712471900,7,656,-1450,1650,10993,65535,65535,65535,65535,0,34196,,
1712471902,5,661,-2572,1404,4888,65535,65535,65535,65535,0,34196,,
1712471904,7,629,340,-1129,9152,65535,65535,65535,65535,0,34196,,
1712471906,1,318,-2348,1182,9076,13045,15831,20591,41261,8416,5681,,
1712471908,5,338,-2860,-740,8162,26798,29753,34641,65535,0,12906,,
1712471910,3,532,-3212,14,10441,55810,57634,62967,65535,0,26762,,
1712471912,8,655,-1564,1212,7720,65535,65535,65535,65535,0,34196,,
1712471914,5,653,-110,-1791,7771,65535,65535,65535,65535,0,34196,,
1712471916,3,641,-1447,-443,10674,65535,65535,65535,65535,0,34196,,
1712471918,9,646,-332,1063,5127,65535,65535,65535,65535,0,34196,,
1712471920,5,643,-1450,-4203,9740,65535,65535,65535,65535,0,34196,,
1712471922,9,660,-2669,-56,6951,65535,65535,65535,65535,0,34196,,
1712471924,4,649,262,-1727,7344,65535,65535,65535,65535,0,34196,,
1712471926,10,656,-1477,-1022,10928,65535,65535,65535,65535,0,34196,,
1712471928,3,624,-1422,654,5978,65535,65535,65535,65535,0,34196,,
1712471930,6,721,-1651,-4047,8143,65535,65535,65535,65535,0,34196,,
1712471932,9,726,-1447,203,9166,65535,65535,65535,65535,0,34196,,
1712471934,7,736,-223,-1159,5509,65535,65535,65535,65535,0,34196,,
1712471936,7,738,-975,-601,12182,65535,65535,65535,65535,0,34196,,
1712471938,10,738,-1343,91,6620,65535,65535,65535,65535,0,34196,,
1712471940,5,742,-3585,-2757,6282,65535,65535,65535,65535,0,34196,,
1712471942,11,739,-1176,-1483,9846,65535,65535,65535,65535,0,34196,,
1712471943,8,745,-1962,-755,4643,65535,65535,65535,65535,0,34196,,
1712471945,46,742,-2391,-1785,8189,14103,16488,21477,42242,8258,5726,,
17124719471712471949,4,719,-3217,-1750,7707,13827,15689,20248,39627,7994,5454,,
1712471951,7,715,-3594,-755,7575,15769,17050,21283,41256,7448,6214,,
