Connected to CDC device
1716378021,19,6823,-5053,2379,18851,19036,19670,41499,5489,9529,,
1716378023,27,169,735,9609,36771,39755,42384,65535,0,19788,,
Connection lost
USB device detected
Connected to CDC device
1716378031,40,-704,-1218,8292,35903,39246,42257,65535,0,19360,,
Connection lost
USB device detected
USB device detected
No serial device connected
USB device detected
Connected to CDC device
1716378054,43,-388,-2058,8398,34731,37656,40050,65535,0,18846,,
1716378056,44,-8,-1710,8295,36063,39111,41662,65535,0,19530,,
1716378058,43,-25,-1685,8240,35982,39015,41553,65535,0,19485,,
1716378060,44,-287,-1923,8378,35874,38915,41442,65535,0,19443,,
1716378062,43,13,-1715,8237,35916,38968,41501,65535,0,19470,,
1716378064,44,-67,-1873,8220,35736,38798,41316,65535,0,19395,,
1716378066,43,-222,-1970,8206,35334,38366,40842,65535,0,19191,,
1716378068,43,-110,-1886,8143,35258,38309,40774,65535,0,19176,,
1716378070,43,-179,-1862,8166,35943,39063,41603,65535,0,19536,,
1716378072,44,-81,-1942,8183,35545,38633,41124,65535,0,19338,,
1716378074,43,-77,-1930,8161,35500,38600,41084,65535,0,19329,,
1716378076,43,-75,-2122,8136,35010,38053,40483,65535,0,19065,,
1716378078,43,-82,-2110,8218,35261,38347,40800,65535,0,19215,,
1716378080,42,94,-1941,8016,35193,38263,40698,65535,0,19180,,
1716378082,43,-62,-2132,8116,35310,38375,40816,65535,0,19232,,
1716378084,42,-128,-2156,8094,35205,38266,40693,65535,0,19184,,
1716378086,77,-100,-2099,8147,35383,38464,40899,65535,0,19288,,
1716378088,43,-38,-2054,8211,35737,38852,41322,65535,0,19476,,
1716378090,43,-91,-2016,8190,35990,39131,41617,65535,0,19618,,
1716378092,44,-84,-2148,8085,35495,38578,41006,65535,0,19353,,
1716378094,44,-34,-2124,8163,35479,38555,40977,65535,0,19343,,
1716378096,44,-61,-2125,8143,35540,38635,41061,65535,0,19388,,
USB device detected
1716378098,43,-64,-2192,8086,35508,38591,41007,65535,0,19369,,
1716378100,44,-108,-2146,8109,35904,39023,41466,65535,0,19586,,
1716378102,44,-79,-2168,8154,35631,38715,41130,65535,0,19435,,
1716378104,44,-142,-2145,8156,35666,38733,41147,65535,0,19439,,
1716378106,49,698,-1152,8493,35606,38667,41064,65535,0,19415,,
1716378108,42,3040,-357,8539,36970,39958,42901,65535,0,19666,,
Connection lost
USB device detected
Connected to CDC device
40964,44248,46764,65535,0,22313,,
1716378123,45,-388,-1311,8081,42357,45878,48591,65535,0,23096,,
1716378125,48,-222,-1465,8325,42056,45735,48443,65535,0,23076,,
1716378127,46,-433,-1679,8106,41848,45497,48175,65535,0,22964,,
1716378129,46,-702,-2098,8105,40062,43340,45784,65535,0,21890,,
1716378131,47,21,-1510,8434,40618,43708,46006,65535,0,22128,,
1716378133,45,-1142,-1549,8295,41248,44532,46976,65535,0,22514,,
1716378135,46,-946,-1491,8166,42396,45683,48227,65535,0,23042,,
1716378137,44,-1206,-1492,8235,41733,44965,47430,65535,0,22707,,
1716378139,44,-1360,-1502,7883,41852,45087,47565,65535,0,22763,,
1716378141,44,-1486,-1222,8039,42856,46085,48708,65535,0,23175,,
1716378143,44,-1521,-1012,8239,42803,46066,48715,65535,0,23157,,
1716378145,81,153,1424,8249,43605,46097,48770,65535,0,22906,,
1716378147,43,5,920,8345,43769,46344,49046,65535,0,23040,,
1716378149,43,177,780,8379,43679,46325,49049,65535,0,23037,,
1716378151,48,-1369,-4508,6336,43729,46450,49196,65535,0,23111,,
1716378153,45,-732,-149,8435,43147,45982,48634,65535,0,22972,,
1716378155,43,-1197,59,8382,42810,45577,48179,65535,0,22775,,
1716378157,44,-1059,-178,8403,42710,45449,48028,65535,0,22716,,
1716378159,43,-1047,-66,8331,42878,45669,48272,65535,0,22831,,
1716378161,44,-1183,-76,8277,42757,45503,48081,65535,0,22748,,
1716378163,45,-1503,-709,7647,43167,46322,48923,65535,0,23291,,
1716378165,40,-1457,827,8735,44500,47049,49669,65535,0,23460,,
1716378167,44,-372,225,8341,44623,47836,50638,65535,0,23953,,
1716378169,44,-410,339,8327,44640,47744,50521,65535,0,23888,,
1716378171,46,-319,559,8297,44635,47653,50413,65535,0,23825,,
1716378173,48,-196,698,8341,44584,47544,50287,65535,0,23761,,
1716378175,44,-218,691,8319,44586,47568,50316,65535,0,23777,,
1716378177,44,-217,331,8134,44665,47748,50518,65535,0,23888,,
1716378179,46,-1444,248,8220,44003,47199,49940,65535,0,23659,,
1716378181,51,-884,-72,8371,43714,46814,49537,65535,0,23441,,
1716378183,45,-908,-48,8351,43730,46837,49559,65535,0,23456,,
1716378185,45,-834,-52,8425,43798,46791,49477,65535,0,23421,,
1716378187,44,-960,-398,8199,43838,46750,49420,65535,0,23385,,
Connection lost
