1419 walking around albert park
Connection lost
No serial device connected
No serial device connected
USB device detected
Connected to CDC device
1716377679,5,-1888,1865,8153,18103,15736,16543,28350,4362,6851,,
1716377681,0,-2841,3181,7980,18679,16883,17789,31096,4751,7563,,
1716377683,6,-2394,3287,5702,10786,9736,9918,16896,4377,4606,,
1716377685,13,-1757,1002,11941,12994,11987,12658,21162,4931,5436,,
1716377687,6,-2319,1475,8340,13590,12318,12868,22098,4677,5612,,
1716377689,7,-1480,845,6198,12430,11214,11582,19820,4517,5187,,
Connection lost
USB device detected
Connected to CDC device
1716377695,9,-859,-505,8703,20895,19290,20126,37448,4891,8932,,
1716377697,14,523,-948,6369,65535,65535,65535,65535,0,34196,,
1716377699,4,-2762,3915,7888,8789,7791,8009,12435,4105,3581,,
1716377701,7,-114,-923,9455,10874,9665,9980,15601,4203,4420,,
1716377703,5,-1498,-1103,5059,10413,9249,9591,14825,4222,4197,,
1716377705,7,-787,-869,6663,10207,9067,9390,14532,4209,4124,,
1716377707,7,-2440,-2908,7241,9802,8783,9117,14569,4394,4007,,
1716377709,3,-1090,151,8891,10662,9679,10191,16794,4727,4356,,
1716377711,7,1102,528,8089,10305,9995,10737,19492,5564,4571,,
1716377713,7,-134,1484,8342,13538,13251,14237,26324,5631,6099,,
1716377715,8,-1389,1585,7965,14493,14131,15220,28039,5621,6458,,
1716377717,8,155,998,8228,13604,13444,14335,27624,5615,6311,,
1716377719,12,2138,771,7027,15791,15805,16748,35112,5598,7561,,
1716377721,17,-730,1068,9835,19831,20031,21280,44954,5671,9602,,
1716377723,13,1553,1257,8212,20749,20954,22233,48364,5637,10064,,
1716377725,17,4977,1696,12493,22423,22380,23550,51075,5512,10807,,
1716377727,18,1059,2080,7904,24409,24551,25865,55458,5577,11895,,
1716377729,20,925,657,7094,25175,25244,26571,57088,5550,12223,,
1716377731,23,1448,425,8224,23491,23898,25256,54614,5665,11608,,
1716377733,23,1736,-1714,7684,26983,27195,28661,61411,5593,13186,,
1716377735,19,1450,-1281,9026,29253,29149,30959,65535,0,13851,,
1716377737,20,1704,622,8137,28745,28945,30665,65535,0,13909,,
1716377739,23,1614,34,8300,28865,29205,30901,65535,0,14108,,
1716377741,27,1501,-1073,8321,29390,29947,31638,65535,0,14569,,
1716377743,22,-1772,-169,5797,26499,26908,28733,62474,5711,12837,,
1716377745,19,-1638,954,9231,20969,21175,22817,49171,5739,9914,,
17163777471716377750,30,2168,-4952,8428,29682,31611,33686,65535,0,15602,,
1716377752,26,786,949,8232,27234,27965,29935,65143,5797,13387,,
1716377754,28,442,1901,7776,39671,41259,43657,65535,0,20289,,
1716377756,17,-1641,-510,5374,12753,12059,12521,26120,5077,5728,,
1716377758,14,-1567,-972,6352,11308,10611,10993,21372,4984,5030,,
1716377760,8,-419,-2494,7420,9776,9078,9342,16977,4804,4317,,
1716377762,11,0,797,10871,16639,15986,16883,32543,5314,7472,,
1716377764,14,-2303,503,5923,42113,38439,40209,65535,0,17569,,
1716377766,14,-636,-580,6344,32589,30351,31552,58842,4933,14231,,
1716377768,11,2005,-361,9213,12847,11795,11968,21930,4592,5686,,
1716377770,7,10,120,11910,14179,12962,13117,23901,4526,6255,,
1716377772,8,-420,204,5368,13314,12122,12200,22388,4455,5881,,
1716377774,7,1556,-3020,8123,12368,11304,11437,20501,4500,5455,,
1716377776,6,452,-1148,8317,13049,12013,12123,21778,4541,5851,,
Connection lost
No serial device connected
USB device detected
USB device detected
No serial device connected
Connected to CDC device
1716377776,8,-2194,1116,7965,12951,11850,12227,20932,4638,5549,,
USB device detected
1716377777,7,-2281,713,8027,13262,12153,12516,21520,4638,5715,,
1716377779,8,-2379,1027,8163,13559,12447,12851,22113,4680,5838,,
1716377781,7,-2362,799,8037,13640,12541,12920,22570,4690,5909,,
1716377783,6,-2463,784,8001,13323,12185,12541,21786,4627,5728,,
1716377785,8,-2354,766,8038,13225,12109,12480,21563,4644,5684,,
1716377787,7,-2417,806,7978,13723,12586,12958,22646,4662,5925,,
1716377789,7,-2432,843,7957,12409,11381,11784,20011,4686,5309,,
1716377791,8,-2411,767,8003,13243,12107,12477,21595,4631,5677,,
1716377793,7,-2387,817,8024,13437,12334,12719,22029,4675,5795,,
1716377795,7,-2396,862,7991,13385,12216,12557,21817,4596,5745,,
1716377797,11,-2443,740,7980,14251,13105,13461,23808,4677,6205,,
1716377799,4,-2438,799,7952,14036,12919,13297,23439,4700,6101,,
1716377801,6,-1933,144,9105,15577,14390,14809,25945,4726,6816,,
1716377803,8,-2676,-43,7249,15332,14164,14539,25470,4701,6737,,
1716377805,14,-849,104,7817,15067,13911,14276,24906,4689,6616,,
1716377807,8,-765,1268,8245,16053,14881,15327,27155,4775,7057,,
1716377809,8,-706,1166,8271,16232,15053,15498,27512,4777,7146,,
1716377811,9,-722,1262,8264,16174,14998,15444,27423,4778,7117,,
1716377813,10,-675,1318,8286,16169,14993,15439,27390,4777,7115,,
1716377815,9,-608,1346,8429,16189,15013,15460,27435,4778,7124,,
1716377817,9,-575,1259,8273,16301,15126,15574,27685,4784,7183,,
1716377819,9,-415,495,8491,15543,14362,14744,26054,4713,6831,,
1716377821,4,-1111,1127,6244,17064,15900,16337,29181,4805,7598,,
1716377823,7,-2431,377,7671,17254,16018,16367,29335,4725,7701,,
1716377825,7,-1623,1208,8085,15220,14074,14230,25767,4606,6857,,
1716377827,7,-56,1757,8594,16495,15402,15713,28701,4777,7454,,
1716377829,7,-1560,283,8273,17140,15947,16220,29095,4702,7734,,
1716377831,4,-981,139,8305,17786,16573,16880,30205,4726,8029,,
1716377833,10,-1090,1317,8139,18408,17191,17614,31497,4800,8265,,
1716377835,9,-885,1028,8279,17915,16735,17138,30763,4801,8054,,
1716377837,9,-858,1040,8315,17753,16586,17172,30493,4895,7846,,
1716377839,8,-1563,192,8255,18286,17054,17449,31059,4771,8209,,
1716377841,9,-1595,268,8252,18117,16904,17280,30780,4767,8151,,
1716377843,9,-1681,282,8207,18104,16900,17287,30802,4778,8144,,
1716377845,9,-1635,311,8287,18051,16854,17237,30709,4778,8125,,
1716377847,8,-1705,387,8200,18136,16924,17309,30818,4772,8155,,
1716377849,8,-1687,385,8220,17924,16735,17106,30453,4772,8074,,
1716377851,7,-1677,376,7964,17840,16663,17027,30325,4773,8046,,
1716377853,7,-1769,369,8218,17944,16757,17132,30521,4776,8083,,
1716377855,8,-1748,413,8171,17992,16798,17176,30611,4775,8100,,
1716377857,6,-1725,396,8210,17875,16697,17069,30410,4778,8057,,
1716377859,8,-1733,367,8203,17945,16754,17131,30537,4776,8079,,
1716377861,8,-1752,422,8196,17947,16758,17136,30545,4777,8081,,
1716377863,8,-1727,411,8197,17969,16771,17151,30566,4774,8084,,
1716377865,6,-1829,404,8196,17961,16767,17146,30544,4775,8083,,
1716377867,8,-2054,791,8038,17565,16405,16748,29812,4763,7932,,
1716377869,6,-2152,881,8066,17713,16538,16877,30038,4756,7999,,
1716377871,11,-2135,895,8032,17735,16557,16897,30088,4756,8008,,
1716377873,7,-2160,963,8046,17679,16485,16828,29920,4747,7963,,
1716377875,9,-2121,1038,8000,17496,16325,16657,29622,4748,7895,,
1716377877,7,-2171,1021,8037,17538,16355,16690,29685,4745,7904,,
1716377879,10,-2196,1089,8013,17537,16349,16684,29660,4742,7900,,
1716377881,7,-2230,1121,8020,17450,16271,16602,29528,4742,7865,,
1716377883,8,-2206,1120,8056,17553,16351,16686,29650,4734,7896,,
1716377885,9,-2259,952,7999,17523,16350,16681,29679,4748,7908,,
1716377887,8,-2276,990,7996,17515,16321,16654,29585,4736,7884,,
1716377889,9,-2302,1018,7979,17487,16294,16623,29510,4733,7874,,
1716377891,8,-2335,1034,7940,17481,16281,16612,29489,4730,7863,,
1716377893,7,-2345,1020,7956,17473,16277,16605,29469,4730,7864,,
1716377895,9,-2335,1033,8082,17523,16316,16646,29531,4726,7880,,
1716377897,8,-2366,1081,7942,17473,16275,16603,29475,4729,7863,,
1716377899,8,-2357,1073,7949,17435,16247,16572,29440,4733,7854,,
1716377901,10,-2342,1073,7966,17461,16270,16595,29497,4732,7865,,
1716377903,6,-2428,1089,7940,17429,16245,16568,29471,4735,7855,,
1716377905,3,-2409,1089,7944,17436,16255,16575,29506,4736,7864,,
1716377907,8,-2419,1097,7922,17530,16337,16661,29658,4734,7900,,
1716377909,9,-2422,1105,7920,17577,16374,16699,29723,4730,7915,,
1716377911,9,-2424,1122,7961,17645,16433,16761,29846,4729,7941,,
1716377913,6,-2440,1098,7875,17354,16189,16492,29404,4734,7847,,
1716377915,8,-2419,1002,7998,17651,16446,16767,29849,4729,7955,,
1716377917,10,10,1311,8181,17380,16332,16782,30549,4893,7852,,
1716377919
Connection lost
